# Number of DM particles: 16. Softening length [pc]: 0.001
-9.605363e-04 -2.003997e-03 9.532606e-04 -9.140399e-02 2.378579e-01 -1.334004e-03 1.940741e-01
1.485763e-03 2.738694e-04 -9.314182e-04 -1.605007e+00 -1.088015e+00 -3.732439e-01 1.940741e-01
-2.481192e-03 -1.435848e-04 3.237964e-04 -6.017568e-01 -1.344453e+00 8.847122e-01 1.940741e-01
-1.142692e-03 6.579079e-04 2.693723e-03 -3.164138e-01 -3.811249e-01 2.251838e+00 1.940741e-01
-1.639944e-03 7.418677e-04 2.439858e-03 -8.602025e-03 -1.750443e+00 9.233905e-01 1.940741e-01
9.866420e-04 1.466781e-03 -3.831859e-04 1.005926e-02 -1.981619e-02 -8.957974e-03 1.940741e-01
2.924263e-03 -6.316697e-05 -1.604615e-03 -1.080058e+00 7.685790e-01 7.824435e-01 1.940741e-01
-9.222779e-05 4.180214e-05 1.967290e-05 3.770268e-01 1.722715e-01 -1.269128e+00 1.940741e-01
1.564185e-03 1.867310e-03 1.319864e-04 -2.288717e+00 4.017803e-01 -5.692129e-01 1.940741e-01
-2.892935e-04 -5.547367e-04 9.364630e-04 9.574051e-02 7.162470e-01 1.123549e+00 1.940741e-01
-3.200449e-03 -2.461351e-03 4.967260e-05 8.205524e-01 -4.610522e-01 -6.458745e-02 1.940741e-01
7.913257e-04 9.182629e-04 2.286314e-03 -2.167587e-02 6.316505e-02 -3.023642e-01 1.940741e-01
-1.263485e-03 2.059148e-03 1.839988e-03 -1.175842e+00 6.880636e-02 9.402603e-01 1.940741e-01
9.556754e-04 -1.295127e-03 3.575608e-04 -5.470765e-01 2.725727e-01 7.108451e-02 1.940741e-01
2.285916e-03 -1.728558e-03 -2.307877e-03 -4.600154e-01 -2.143343e-01 -6.487807e-01 1.940741e-01
1.133300e-03 2.301615e-03 -5.675575e-04 -6.812390e-01 1.898046e+00 5.104584e-01 1.940741e-01
