# Number of DM particles: 16. Softening length [pc]: 0.001
4.988318e-04 -9.639340e-04 4.483298e-04 5.139100e-01 2.924471e-01 1.940254e-02 1.940741e-01
-1.589906e-04 -3.424440e-05 1.427089e-04 -4.375544e-01 -6.756033e-01 9.227380e-01 1.940741e-01
1.491820e-03 -2.879078e-03 2.445689e-03 -4.017739e-01 1.649043e+00 1.107999e+00 1.940741e-01
-1.184168e-04 -2.663932e-05 1.174910e-04 -1.707477e-01 8.140029e-01 1.479896e+00 1.940741e-01
-1.201467e-03 -2.159108e-03 -2.036327e-03 8.354907e-01 -5.771178e-01 -7.150077e-01 1.940741e-01
2.317260e-03 1.555103e-03 -2.279254e-03 6.134292e-02 -3.902671e-02 7.037458e-02 1.940741e-01
-1.133852e-03 -2.052147e-03 1.403380e-03 -1.162225e-01 2.632812e-01 -3.751647e-01 1.940741e-01
-1.004023e-03 9.421250e-04 -2.080253e-04 -5.793628e-01 -5.855329e-01 8.156609e-01 1.940741e-01
3.248358e-04 1.761497e-03 -7.645969e-04 1.862839e-01 2.127363e-02 7.498443e-01 1.940741e-01
2.309471e-03 1.597913e-03 -2.542317e-03 2.993284e-01 -1.395113e+00 -1.165891e+00 1.940741e-01
2.823765e-04 -1.483840e-03 4.611604e-04 2.304577e-01 -1.652128e-01 -1.171552e-01 1.940741e-01
1.876196e-03 -8.512150e-04 -2.135166e-03 -3.433546e-01 4.295083e-01 3.549581e-01 1.940741e-01
1.470057e-03 2.741557e-04 2.725888e-03 1.087681e-03 -3.519479e-01 -5.816860e-01 1.940741e-01
4.430910e-04 2.047136e-04 -3.990917e-05 8.390089e-01 1.117142e+00 7.268962e-01 1.940741e-01
-1.627042e-04 -7.122315e-04 -3.030601e-03 -7.655823e-01 -7.391858e-01 -9.625954e-01 1.940741e-01
5.072900e-04 -6.568045e-04 -8.523472e-04 5.314307e-02 1.466015e-01 5.957710e-02 1.940741e-01
