# Number of DM particles: 16. Softening length [pc]: 0.001
4.414483e-04 -4.172565e-04 1.292880e-03 6.961340e-01 2.254542e-01 2.086541e+00 1.940741e-01
-3.765179e-03 -1.879136e-03 -7.917714e-05 2.680351e-01 4.179544e-01 2.367274e-01 1.940741e-01
-1.081209e-03 3.826873e-04 1.002939e-03 1.139061e-01 -9.948600e-02 -3.395295e-02 1.940741e-01
6.563345e-04 4.641068e-05 2.209125e-03 -1.520292e-01 7.182537e-02 5.698391e-02 1.940741e-01
2.262808e-03 3.435155e-04 -3.433963e-03 -2.610947e-01 1.862452e+00 -1.286998e+00 1.940741e-01
4.855748e-04 1.706645e-03 1.304890e-03 -7.841970e-01 -4.196474e-01 -1.304279e+00 1.940741e-01
5.954350e-04 1.999396e-04 -9.082363e-04 -2.030866e+00 -1.764845e-01 -4.756434e-01 1.940741e-01
-1.938754e-04 1.448495e-04 1.934618e-04 7.386302e-02 7.488066e-02 -6.138623e-01 1.940741e-01
-3.682918e-03 2.527265e-04 -1.821088e-03 3.920446e-01 8.519717e-01 -3.518927e-01 1.940741e-01
6.400971e-04 -5.512587e-04 3.790368e-04 -7.238590e-01 -6.117254e-01 1.163464e+00 1.940741e-01
1.393978e-03 -1.046010e-03 -2.592517e-03 -1.932828e-01 3.087582e-01 2.478208e-02 1.940741e-01
3.818319e-03 6.487034e-04 6.019274e-04 -4.043858e-01 -2.557425e-01 -6.425939e-01 1.940741e-01
-1.606579e-03 2.920946e-03 -1.291054e-03 -8.219250e-01 -5.428109e-01 -2.011312e+00 1.940741e-01
-3.189919e-03 -2.531073e-04 -2.600947e-04 -1.887102e-01 -1.580739e+00 -5.586543e-01 1.940741e-01
-1.341663e-03 -4.970711e-04 -1.653743e-03 1.552732e-01 4.865223e-01 7.868476e-01 1.940741e-01
-9.270033e-04 2.842318e-03 -9.342705e-04 -1.112566e-01 2.628355e-01 1.499937e+00 1.940741e-01
