# Number of DM particles: 16. Softening length [pc]: 0.001
1.557414e-03 1.679102e-03 1.718908e-04 -7.758742e-02 9.267854e-03 -3.364913e-01 1.940741e-01
-1.557430e-03 3.350179e-04 4.376773e-04 2.682390e-01 6.269359e-02 -1.951041e+00 1.940741e-01
1.992495e-03 1.978864e-03 -2.044924e-03 -1.255504e+00 -4.243628e-01 -9.645627e-02 1.940741e-01
3.737710e-03 -1.027554e-03 3.766710e-06 -4.346792e-01 -1.457841e+00 -7.901320e-01 1.940741e-01
-2.310635e-03 1.401711e-03 1.727938e-03 7.565314e-01 -1.067663e+00 1.246631e+00 1.940741e-01
1.450845e-03 4.237711e-04 -1.279596e-03 -1.608359e-01 4.504611e-01 -3.262941e-01 1.940741e-01
-1.655857e-04 1.090337e-03 -1.943143e-03 5.087739e-01 5.951110e-01 -8.993342e-01 1.940741e-01
1.612183e-05 -2.041956e-03 8.251309e-04 -1.856888e-01 9.253020e-02 1.598485e-01 1.940741e-01
1.319997e-04 -1.642424e-03 2.414992e-03 -1.841406e-01 -1.097193e-01 -8.797224e-02 1.940741e-01
5.961806e-04 -7.647572e-05 1.508407e-04 2.498819e-01 2.054285e-01 -4.469838e-01 1.940741e-01
-1.897174e-03 1.112066e-03 -2.313142e-03 1.145504e-01 6.566549e-01 -3.593846e-01 1.940741e-01
2.314164e-04 3.713495e-05 2.589405e-04 -4.111999e-02 1.430349e-01 3.388002e-01 1.940741e-01
-2.535157e-03 1.401562e-04 -1.325058e-03 1.454757e+00 -1.451573e+00 -1.374436e+00 1.940741e-01
5.757144e-04 -6.688863e-04 1.140357e-03 4.531803e-01 6.807501e-01 7.632633e-01 1.940741e-01
2.525064e-04 -8.999540e-04 -6.511411e-04 -6.704840e-03 2.409396e-01 4.732053e-01 1.940741e-01
1.433389e-03 -2.563635e-03 -6.896457e-04 1.204822e+00 4.386185e-01 -1.996669e-01 1.940741e-01
