# Number of DM particles: 16. Softening length [pc]: 0.001
-1.408787e-04 -4.400485e-04 -4.044338e-04 2.255547e-03 -6.120188e-02 -1.399053e-02 1.940741e-01
-1.253062e-03 7.469278e-04 1.719378e-03 -1.112159e+00 -2.441870e-01 -7.406854e-02 1.940741e-01
-5.503488e-04 1.286354e-03 7.540893e-04 1.232012e+00 7.428577e-02 2.247006e-01 1.940741e-01
4.098893e-04 7.045315e-04 -5.068195e-04 -5.381320e-01 2.141685e-01 -1.882199e-01 1.940741e-01
8.344168e-04 8.954497e-04 3.073424e-04 7.942455e-01 -3.906236e-01 -1.204023e+00 1.940741e-01
-9.667991e-04 5.849779e-05 6.107911e-04 -5.459290e-03 9.613807e-01 -1.785668e+00 1.940741e-01
-4.885924e-04 3.572250e-04 -6.245228e-04 1.536746e+00 -6.672035e-01 1.468563e-01 1.940741e-01
-7.985801e-05 -6.440408e-04 -4.819649e-04 7.180833e-02 2.555904e-01 -3.583678e-02 1.940741e-01
4.730791e-04 -3.293284e-03 -1.814543e-04 -5.826319e-01 -1.564324e+00 -9.250930e-01 1.940741e-01
-1.518354e-03 7.180488e-05 -2.040798e-03 -5.656517e-01 -1.819520e+00 4.747844e-01 1.940741e-01
1.225008e-04 2.042527e-04 3.847458e-03 -1.517615e+00 3.507921e-01 2.263638e-01 1.940741e-01
-7.657015e-04 -1.462756e-03 -2.342451e-03 1.586037e+00 5.879232e-01 1.494466e-01 1.940741e-01
1.980513e-03 4.637841e-04 -8.268382e-04 1.811444e+00 -9.243047e-01 -2.832551e-01 1.940741e-01
8.635754e-04 -2.434556e-04 2.194642e-03 6.793220e-01 5.522646e-03 2.749906e-01 1.940741e-01
7.351021e-05 -1.305315e-03 2.585756e-03 1.596991e+00 -1.001530e+00 -2.144283e-01 1.940741e-01
-3.295552e-03 -2.117163e-03 1.379336e-03 7.869407e-03 -1.372949e+00 -5.074267e-01 1.940741e-01
