# Number of DM particles: 16. Softening length [pc]: 0.001
-2.381438e-05 8.439598e-04 1.858800e-03 -2.057065e-01 -4.712749e-01 2.196626e+00 1.940741e-01
1.282610e-03 -1.404205e-03 -3.658965e-03 6.762787e-01 -1.819469e-01 2.606470e-01 1.940741e-01
-3.066831e-03 -2.551660e-03 -1.121721e-03 -9.759749e-01 -1.347771e+00 1.236753e+00 1.940741e-01
-9.387698e-06 -8.704634e-04 7.067805e-04 3.853224e-02 -2.439216e-01 -2.903237e-01 1.940741e-01
6.144314e-06 1.894110e-04 -1.882227e-04 -1.346220e-01 3.404267e-01 -9.074558e-01 1.940741e-01
-4.958668e-06 1.187581e-03 -1.802717e-03 1.209520e+00 9.410023e-01 -1.028283e+00 1.940741e-01
9.462837e-04 1.807632e-04 5.266699e-04 -2.357393e-01 8.038415e-01 5.623518e-01 1.940741e-01
1.196855e-03 -3.470064e-04 -7.913226e-04 -1.098387e-01 -8.052047e-02 1.602852e-01 1.940741e-01
-3.968631e-04 2.003218e-03 1.243810e-03 1.221587e-01 -5.291708e-01 -8.123391e-02 1.940741e-01
2.122346e-04 3.523329e-03 -1.170450e-03 2.837033e-01 5.164158e-02 4.350001e-01 1.940741e-01
2.299276e-03 -1.079285e-03 -2.804066e-04 -1.012065e-02 1.895313e-02 1.156714e-02 1.940741e-01
9.085298e-04 6.430455e-04 1.714190e-03 5.297849e-01 2.037865e-01 -5.054809e-01 1.940741e-01
1.506889e-04 -4.870769e-04 1.115269e-03 2.092942e-02 3.647621e-01 5.307181e-04 1.940741e-01
-3.042876e-03 1.233769e-04 1.788343e-03 -9.181503e-02 -6.213390e-01 6.375897e-02 1.940741e-01
-1.762855e-03 -9.879138e-04 1.167743e-03 -5.327156e-01 -4.689240e-01 -3.380254e-02 1.940741e-01
-1.428558e-03 -8.767685e-04 3.312142e-03 -7.951946e-01 -5.504282e-01 -2.071727e+00 1.940741e-01
