# Number of DM particles: 16. Softening length [pc]: 0.001
6.626961e-04 -3.776964e-04 4.805418e-04 9.690918e-02 1.106457e-01 1.252241e-01 1.940741e-01
-5.927806e-04 2.792601e-03 2.603288e-03 5.861965e-01 -5.344522e-01 1.606557e-01 1.940741e-01
-9.280140e-04 1.649272e-03 2.202562e-04 -2.341080e+00 -1.004918e-01 -3.962450e-01 1.940741e-01
-9.419561e-04 -1.118738e-03 -7.302940e-04 -2.086246e+00 -1.446958e-02 5.311497e-01 1.940741e-01
-1.929496e-03 1.643070e-04 5.183937e-04 -9.825944e-01 3.315284e-01 1.211527e+00 1.940741e-01
-1.746377e-03 2.965226e-03 -8.279587e-04 -8.422435e-01 6.394414e-01 -1.699150e+00 1.940741e-01
-1.061515e-03 7.290474e-04 1.965472e-03 1.385217e+00 1.099563e+00 -5.995318e-01 1.940741e-01
-1.792822e-03 1.752711e-03 -3.026928e-03 4.501200e-01 1.997931e-01 -3.670263e-02 1.940741e-01
-2.801583e-03 -9.387603e-04 9.440339e-04 -1.351072e-01 -1.907196e-01 1.521783e-01 1.940741e-01
4.020376e-04 -3.154311e-03 -8.822610e-04 1.984605e+00 -2.049428e-01 -9.936875e-01 1.940741e-01
1.130546e-03 3.928194e-04 6.003209e-04 -1.084463e+00 5.268822e-01 9.605644e-01 1.940741e-01
-4.713622e-04 9.960833e-04 -4.926477e-04 7.605811e-01 1.673551e+00 7.149028e-01 1.940741e-01
-3.717669e-03 5.124901e-05 -8.848177e-04 6.925990e-01 -6.581653e-01 5.243783e-01 1.940741e-01
8.734541e-05 4.617552e-04 -7.065551e-05 1.670490e+00 -3.638381e-01 -7.895427e-01 1.940741e-01
-1.174757e-04 7.524954e-04 2.068459e-03 -1.533078e+00 4.064393e-01 2.338384e-01 1.940741e-01
1.664527e-03 2.091927e-03 -1.963555e-04 3.675332e-01 -1.293475e+00 -1.010237e+00 1.940741e-01
