# Number of DM particles: 16. Softening length [pc]: 0.001
-3.998003e-03 1.061391e-03 -1.074318e-03 -6.600957e-02 6.355910e-01 -9.661579e-01 1.940741e-01
1.019441e-03 2.967110e-03 8.519548e-05 -1.547160e+00 -1.179253e+00 -2.140908e-01 1.940741e-01
-1.247757e-03 -8.161998e-04 2.416969e-03 -1.538853e+00 2.364556e-01 1.233049e+00 1.940741e-01
2.280196e-03 2.726623e-03 -1.307896e-03 9.186292e-02 -1.173499e-01 2.162119e-01 1.940741e-01
-2.481749e-03 2.896658e-04 -1.911632e-04 1.349924e+00 8.660453e-01 6.664879e-01 1.940741e-01
5.482912e-04 2.062717e-03 1.050518e-03 -5.565503e-01 6.262294e-01 4.230315e-01 1.940741e-01
3.985919e-04 4.133747e-05 9.106105e-04 5.509255e-01 -6.683990e-01 3.590554e-01 1.940741e-01
-1.685239e-03 -1.887428e-03 1.925179e-03 -5.041960e-02 -1.910345e+00 -1.584513e+00 1.940741e-01
1.498507e-03 9.490325e-04 1.792766e-03 -3.520728e-01 -8.292518e-02 -2.538870e-01 1.940741e-01
-9.824206e-04 -5.329491e-04 1.757559e-03 1.884550e+00 -8.086802e-01 -3.610851e-01 1.940741e-01
-6.618633e-04 -3.365736e-04 1.085336e-03 -3.831754e-01 -2.206971e-01 1.091808e+00 1.940741e-01
-9.735135e-04 -6.575493e-04 -1.539225e-04 5.695217e-01 -2.118629e-01 1.607138e-01 1.940741e-01
6.480393e-05 2.066246e-04 1.350420e-04 -2.048370e-02 3.465401e-02 1.617356e-01 1.940741e-01
-5.943293e-04 1.793538e-04 -4.429609e-04 -5.043449e-01 -5.591201e-01 -1.653473e-01 1.940741e-01
-2.690879e-03 1.359342e-03 1.475258e-03 3.722880e-01 8.255210e-01 -2.140501e+00 1.940741e-01
5.096319e-06 1.842240e-03 -2.868102e-03 -4.052506e-01 -2.010163e-01 -2.377924e+00 1.940741e-01
