# Number of DM particles: 16. Softening length [pc]: 0.001
-1.468981e-03 -1.107256e-03 -1.161134e-03 2.094953e-01 1.936789e+00 -6.547757e-01 1.940741e-01
-1.506904e-04 3.026207e-04 -1.031882e-03 -1.446443e-01 -1.602351e+00 -1.131264e+00 1.940741e-01
1.082546e-05 3.527289e-05 -4.904589e-05 1.069237e-01 1.556943e-01 1.666033e-01 1.940741e-01
1.191349e-03 -2.165248e-03 4.565950e-04 7.020279e-01 1.364432e+00 -1.721724e+00 1.940741e-01
1.265997e-03 -1.170176e-03 1.210797e-03 -1.848899e-01 6.038019e-01 5.958285e-01 1.940741e-01
-1.224109e-03 -1.253328e-03 -1.210995e-03 -5.874259e-01 -1.787851e+00 2.651337e-02 1.940741e-01
4.320728e-04 1.013253e-03 -6.543769e-04 -2.623330e-01 -4.500917e-01 5.622995e-02 1.940741e-01
-1.806020e-04 -4.577196e-04 1.289648e-03 -4.991967e-01 3.898937e-01 -2.990943e-01 1.940741e-01
-5.322987e-06 1.274300e-03 -4.936126e-04 2.077553e-02 -9.206323e-01 -1.179129e-01 1.940741e-01
5.155858e-05 3.458290e-04 1.257013e-04 1.075516e+00 -1.049033e+00 1.530881e+00 1.940741e-01
6.749582e-04 -8.593488e-04 -2.728302e-03 -1.550095e+00 -1.820182e+00 -3.016069e-01 1.940741e-01
1.466149e-03 -2.581537e-03 4.694405e-04 -3.092631e-01 -2.424803e-01 -6.836747e-01 1.940741e-01
1.865082e-03 4.411647e-04 3.806247e-03 9.906470e-01 3.963287e-01 -6.930940e-01 1.940741e-01
-2.092552e-03 -5.770225e-05 -3.280255e-03 5.354819e-01 -9.015882e-02 7.638795e-01 1.940741e-01
-8.029844e-04 2.879014e-04 2.916499e-03 5.775051e-01 -2.081929e+00 -3.313611e-01 1.940741e-01
-2.000992e-03 -2.617403e-03 2.237543e-03 -8.748408e-01 -1.960357e+00 2.489021e-01 1.940741e-01
