# Number of DM particles: 16. Softening length [pc]: 0.001
2.761944e-03 -9.428392e-04 1.152068e-03 7.579716e-01 -4.948901e-01 -2.818671e-01 1.940741e-01
-2.573104e-03 7.671614e-04 2.338022e-04 -2.675350e-01 1.249868e+00 7.459014e-01 1.940741e-01
-3.102417e-04 -1.497296e-04 -2.666450e-04 9.891996e-01 9.409880e-02 -2.139552e+00 1.940741e-01
-1.296648e-03 8.932850e-04 -2.249539e-03 6.566922e-01 9.007061e-01 1.090439e-01 1.940741e-01
3.975013e-04 7.813639e-04 -1.583435e-03 2.995310e-02 -2.056365e-01 -1.085835e-01 1.940741e-01
-9.362036e-04 -2.760681e-04 -6.737216e-04 4.398088e-01 -7.568777e-01 2.099603e-01 1.940741e-01
-6.338472e-06 -1.211548e-04 -8.851297e-04 -1.846732e-01 -1.342664e-01 -9.472288e-02 1.940741e-01
-2.944772e-03 -1.730147e-03 -2.462573e-04 2.249629e-01 -1.256223e+00 -6.289887e-02 1.940741e-01
1.467750e-04 -6.366118e-04 -9.896819e-06 -1.835227e-01 -1.641097e-02 -7.988810e-02 1.940741e-01
1.098021e-03 -5.991056e-04 9.595733e-04 1.441603e+00 -7.945807e-01 5.117245e-01 1.940741e-01
1.813396e-03 -1.442900e-03 2.740861e-03 -2.308894e-01 1.976766e-01 -1.739854e-01 1.940741e-01
-2.317678e-03 -2.508860e-03 -1.425045e-03 -7.965851e-01 7.061123e-01 -6.540455e-01 1.940741e-01
1.840491e-03 1.344645e-03 1.031724e-03 -4.055429e-01 -8.022408e-01 -2.111828e-01 1.940741e-01
1.482474e-03 6.858643e-04 2.413708e-03 -1.956680e-02 3.594635e-02 2.700341e-02 1.940741e-01
-2.041391e-03 -2.127527e-03 1.467578e-03 -4.801568e-01 -1.302399e-01 2.267370e-02 1.940741e-01
5.887068e-05 -9.657425e-04 4.361309e-04 -9.919016e-01 -6.068756e-01 8.166166e-01 1.940741e-01
