# Number of DM particles: 16. Softening length [pc]: 0.001
1.923569e-03 1.135215e-03 1.224356e-04 -4.763661e-01 -2.239109e+00 -2.595845e-01 1.940741e-01
6.606225e-04 9.218916e-04 -1.179928e-03 4.799146e-01 7.514168e-01 1.143511e-03 1.940741e-01
-1.078774e-04 -2.224976e-03 1.581807e-03 2.889680e-03 5.276237e-03 -5.742634e-03 1.940741e-01
-2.317356e-03 -7.917595e-04 2.606972e-03 9.486618e-01 -1.037732e+00 -1.255946e+00 1.940741e-01
7.668419e-04 2.332765e-03 -9.968593e-04 2.863169e-01 -7.012956e-01 -2.029605e+00 1.940741e-01
3.294745e-05 -2.365199e-04 -6.866198e-04 -1.012548e+00 -5.203454e-02 -4.714656e-01 1.940741e-01
3.302580e-03 -1.467049e-03 1.310687e-03 -5.846311e-01 4.277966e-01 -8.436448e-01 1.940741e-01
3.041833e-03 1.045739e-03 1.086207e-03 -3.348840e-02 3.073389e-01 2.342485e+00 1.940741e-01
-1.487818e-03 3.476653e-04 1.990977e-04 -7.258929e-01 1.443281e+00 -1.592215e+00 1.940741e-01
1.210795e-03 1.971930e-03 -9.421524e-04 -1.795754e-01 -8.232491e-01 1.933914e-02 1.940741e-01
-2.772691e-03 1.040282e-03 -1.927355e-03 1.152336e+00 7.302034e-01 5.496730e-01 1.940741e-01
1.060292e-03 5.068584e-04 -2.933795e-03 5.331056e-01 1.895031e+00 -1.546828e-01 1.940741e-01
-1.994015e-03 6.732697e-05 4.098112e-04 1.033494e-01 2.133759e+00 9.947400e-02 1.940741e-01
-7.428333e-04 -1.451449e-03 -1.500379e-03 -7.254378e-01 -7.624889e-01 -1.741570e+00 1.940741e-01
-5.773180e-04 2.974806e-04 1.093920e-04 -9.457865e-01 1.686938e-01 6.713365e-02 1.940741e-01
-1.357354e-03 -4.683569e-04 -4.479704e-05 -1.318979e-01 2.243296e+00 5.064809e-01 1.940741e-01
