# Number of DM particles: 16. Softening length [pc]: 0.001
-2.685139e-04 8.816908e-05 1.302999e-04 -5.416634e-01 -5.482435e-01 1.123433e-02 1.940741e-01
-8.156870e-04 -9.645356e-04 -1.910851e-03 1.163043e+00 -1.000905e+00 -4.985218e-01 1.940741e-01
1.900730e-03 1.152118e-03 1.605801e-03 8.953401e-01 -4.071293e-01 1.076212e+00 1.940741e-01
1.421167e-03 7.407057e-04 8.904057e-04 2.623740e-01 6.075575e-02 -5.919073e-01 1.940741e-01
2.637966e-04 -2.184956e-04 7.031860e-04 6.768708e-01 -1.918303e+00 8.987105e-01 1.940741e-01
1.038396e-03 -2.503101e-03 -2.165840e-03 5.287938e-01 -1.443096e+00 -1.030240e+00 1.940741e-01
1.718929e-03 7.406867e-04 6.597122e-04 1.096691e-01 -1.175445e-01 4.444778e-02 1.940741e-01
3.358087e-03 -1.815642e-03 -1.692604e-03 1.467382e+00 9.264982e-01 -2.839535e-01 1.940741e-01
1.093071e-03 -8.191603e-04 3.708418e-04 -1.428640e-01 -3.628003e-02 -1.008200e+00 1.940741e-01
3.394527e-04 1.581129e-04 -2.692828e-03 -1.807871e-01 -1.787327e-01 -1.126551e+00 1.940741e-01
-2.393657e-03 -1.162586e-03 -1.080634e-04 -3.945952e-01 1.221948e+00 9.656781e-01 1.940741e-01
1.030295e-03 -9.547737e-05 2.495728e-03 1.623831e+00 2.544091e-01 7.898336e-01 1.940741e-01
-2.967753e-04 -1.090582e-04 1.212663e-03 -2.543241e-01 1.485346e-01 2.201432e-01 1.940741e-01
-1.891354e-05 -3.815700e-05 1.494554e-04 4.993178e-01 8.317675e-01 -1.551684e+00 1.940741e-01
-3.364133e-05 -2.399056e-04 -1.088001e-03 9.829423e-01 -4.709797e-01 1.959332e-01 1.940741e-01
9.065013e-04 -2.430054e-03 1.297496e-03 2.534181e-01 -1.589102e-01 8.372286e-01 1.940741e-01
