# Number of DM particles: 16. Softening length [pc]: 0.001
3.496841e-03 -6.433300e-04 1.499978e-03 2.103076e+00 1.049762e+00 8.816842e-02 1.940741e-01
1.659714e-05 1.034224e-04 -4.550518e-06 -9.189890e-01 3.657695e-01 -1.643083e+00 1.940741e-01
1.552350e-03 1.302051e-03 -3.794213e-04 -8.377482e-02 1.392004e-02 1.191731e-02 1.940741e-01
-1.257795e-03 -7.254886e-04 -1.987036e-04 8.913468e-03 -3.302237e-02 5.320223e-03 1.940741e-01
4.442117e-04 1.927622e-03 -2.093173e-03 9.756857e-02 8.515610e-01 1.914046e+00 1.940741e-01
-2.116854e-03 1.040715e-03 7.133246e-04 -7.092265e-01 2.072052e+00 8.858585e-01 1.940741e-01
-8.261893e-05 2.615641e-04 2.440776e-03 -9.719671e-01 -2.137982e-01 1.578358e+00 1.940741e-01
5.014807e-04 -7.649189e-04 -6.177319e-04 -1.004780e+00 4.774943e-01 -3.198791e-01 1.940741e-01
3.538919e-03 -1.880609e-03 8.319972e-04 -1.628051e-02 -3.269769e-01 3.078171e-01 1.940741e-01
-3.911250e-04 1.410293e-03 1.156855e-03 -3.480669e-01 1.069135e-01 -1.477100e-01 1.940741e-01
2.918978e-03 -2.310112e-03 1.440111e-03 -3.070659e-01 4.448361e-01 1.117223e+00 1.940741e-01
-9.816138e-05 -1.186189e-05 1.627125e-03 3.346389e-01 -1.728529e-01 -4.297930e-01 1.940741e-01
-9.128473e-04 3.254117e-04 1.195133e-04 -4.278550e-01 -1.824194e+00 -3.777021e-02 1.940741e-01
3.031087e-03 8.687930e-04 1.225849e-03 2.855077e-02 3.445579e-01 -4.840892e-01 1.940741e-01
-2.282030e-03 -4.693540e-05 2.515450e-03 -5.614048e-01 -9.264931e-01 7.512377e-01 1.940741e-01
-2.335675e-03 -2.077768e-03 7.401421e-04 -1.637221e-02 -5.674525e-02 -2.738301e-02 1.940741e-01
