# Number of DM particles: 16. Softening length [pc]: 0.001
-1.815081e-04 -1.005646e-03 1.125406e-03 -2.224887e+00 -1.037286e+00 1.586122e-01 1.940741e-01
-3.236013e-03 -2.166321e-03 1.690040e-03 4.065785e-03 -1.096962e-02 1.602545e-02 1.940741e-01
-2.734728e-04 -1.576599e-03 -1.584178e-03 -3.405122e-01 -1.359620e+00 7.871862e-01 1.940741e-01
-1.710872e-03 1.137264e-03 -3.599584e-03 -1.043140e-01 -7.429896e-02 1.533634e-01 1.940741e-01
-3.923537e-04 -2.135829e-03 -9.303939e-05 7.545496e-01 1.260332e+00 -1.373949e+00 1.940741e-01
-2.833392e-04 2.870831e-03 -5.844696e-04 -9.889659e-01 -4.029402e-01 -1.090850e+00 1.940741e-01
-1.938884e-03 2.893083e-03 -8.052161e-04 -8.261835e-04 -8.930494e-04 -4.185643e-06 1.940741e-01
-4.021275e-04 -2.683392e-03 2.032486e-03 1.645338e-01 2.594569e-01 1.380567e-01 1.940741e-01
-1.116447e-03 3.161021e-03 -1.235872e-03 -8.292819e-01 1.064393e+00 -1.641684e+00 1.940741e-01
-2.054474e-04 -2.238057e-04 -1.364328e-03 -1.452732e+00 6.096475e-01 -7.465327e-02 1.940741e-01
9.541363e-06 2.232044e-03 1.689855e-04 -8.901226e-01 1.939784e+00 -9.927420e-01 1.940741e-01
4.513208e-04 -2.321706e-03 2.267929e-04 4.467636e-01 2.039477e-01 -2.363716e-01 1.940741e-01
9.497113e-05 -1.214937e-05 -9.959011e-05 -3.376456e-01 -1.263422e+00 -1.501336e+00 1.940741e-01
-7.831326e-05 -1.786370e-05 -1.506746e-04 1.067999e+00 -6.551046e-01 -2.126979e-01 1.940741e-01
1.503363e-03 -8.735943e-04 -3.207462e-03 -6.605900e-01 3.378887e-01 4.795052e-01 1.940741e-01
-4.187429e-04 -1.671853e-03 3.653626e-04 -5.401987e-01 2.957935e-01 -5.224190e-02 1.940741e-01
