# Number of DM particles: 16. Softening length [pc]: 0.001
1.686000e-03 -1.993057e-03 -1.115891e-03 8.540486e-01 -3.208902e-01 -7.686409e-01 1.940741e-01
-4.863390e-04 1.049664e-04 8.178928e-04 5.485324e-01 1.556889e-01 -1.972201e-01 1.940741e-01
-6.404796e-04 -2.507619e-04 -1.114444e-04 -4.633327e-01 -9.789283e-01 3.938831e-01 1.940741e-01
-2.691550e-03 -2.244574e-03 -4.692148e-04 5.915364e-02 -4.324902e-02 1.360164e-01 1.940741e-01
7.504482e-04 -1.448318e-03 7.845270e-04 2.452147e-01 1.578488e+00 -2.031992e-01 1.940741e-01
1.635713e-03 -2.868506e-03 2.286681e-04 1.049949e-01 -1.043130e-02 3.008739e-04 1.940741e-01
2.153264e-03 -7.285748e-04 -1.150552e-03 1.887075e+00 8.075553e-01 -1.024227e-01 1.940741e-01
-4.063447e-04 1.824062e-03 -3.698781e-06 -2.033126e+00 -9.728688e-01 -9.453978e-01 1.940741e-01
3.856756e-04 -1.092540e-03 -1.570725e-03 8.095254e-01 -4.930321e-01 5.771996e-01 1.940741e-01
9.095638e-04 2.815081e-05 1.650407e-03 3.160742e-01 -1.240221e+00 -2.966474e-01 1.940741e-01
-1.405344e-03 1.806961e-03 3.037327e-03 -3.504829e-01 7.955505e-01 -1.488290e-01 1.940741e-01
-8.189696e-04 -1.419059e-03 -2.145931e-03 -3.223690e-01 9.736267e-01 -6.319782e-02 1.940741e-01
-1.661846e-03 -2.633908e-03 1.161969e-03 -2.542193e-01 1.137091e+00 2.282450e-01 1.940741e-01
3.469973e-04 -3.530336e-04 -2.331171e-03 5.131301e-01 7.100426e-01 3.696776e-01 1.940741e-01
1.524987e-03 -7.013419e-04 -1.237062e-04 1.049192e+00 -1.526559e-01 -4.774838e-01 1.940741e-01
1.266943e-03 -2.620919e-03 -2.911158e-03 -2.031610e-01 -4.030294e-01 -1.108464e-01 1.940741e-01
