# Number of DM particles: 16. Softening length [pc]: 0.001
-2.340888e-03 1.770569e-04 7.306769e-04 -1.623717e-02 -2.877634e-01 -2.960998e-02 1.940741e-01
9.788160e-04 -1.045315e-03 1.434575e-03 -9.746379e-01 1.387410e+00 -1.413935e+00 1.940741e-01
1.307114e-03 -1.207581e-03 1.067243e-03 1.360722e+00 1.668355e+00 1.909624e-01 1.940741e-01
9.448772e-04 1.276316e-03 9.136027e-04 -1.654985e+00 7.917530e-01 1.195339e+00 1.940741e-01
-1.686118e-03 -2.789274e-03 4.885984e-05 8.080396e-01 4.800954e-01 2.215228e-01 1.940741e-01
1.201402e-04 -1.698708e-04 -2.779408e-04 -1.588420e+00 -1.581898e-01 -1.878800e+00 1.940741e-01
1.055000e-03 2.249498e-03 2.541676e-03 4.311790e-01 -7.133126e-01 -3.008859e-02 1.940741e-01
-1.268242e-03 4.950402e-04 -2.632208e-03 -5.906118e-01 -8.002943e-02 1.406202e+00 1.940741e-01
5.912687e-04 1.032864e-03 7.418698e-04 3.637825e-01 1.477899e+00 1.256431e+00 1.940741e-01
2.195823e-03 -1.028937e-03 -7.920356e-04 2.142941e-01 2.002185e-01 -2.588604e-01 1.940741e-01
1.915489e-03 1.064060e-03 -2.506772e-03 -1.164292e-01 -6.361093e-01 -7.020768e-01 1.940741e-01
-2.249288e-04 -1.013145e-04 -5.943782e-04 -6.429487e-01 -2.069071e+00 2.845749e-01 1.940741e-01
-1.892393e-03 -3.272594e-03 -1.676624e-03 1.048594e-01 -1.327726e+00 -1.424122e+00 1.940741e-01
9.331422e-05 -1.118691e-04 -4.250041e-05 -2.523050e-01 -1.650732e+00 1.019239e+00 1.940741e-01
1.104410e-04 -7.416916e-05 1.530635e-03 -2.102636e-01 3.925949e-01 -1.029741e+00 1.940741e-01
-2.030301e-03 3.574586e-04 -1.210117e-04 3.994880e-01 1.593238e+00 -1.000660e+00 1.940741e-01
