# Number of DM particles: 16. Softening length [pc]: 0.001
1.104126e-03 2.941229e-03 1.878601e-03 7.312761e-01 1.755130e+00 2.734077e-01 1.940741e-01
-2.263911e-04 4.010470e-03 -5.489007e-05 4.310314e-01 4.220466e-01 8.581012e-01 1.940741e-01
8.324910e-04 1.135068e-03 -3.479443e-03 -3.634283e-01 5.009379e-02 -6.118938e-01 1.940741e-01
1.735335e-03 -1.111971e-04 1.397280e-03 3.026301e-01 1.886320e+00 7.566584e-01 1.940741e-01
-1.192080e-03 2.203472e-03 2.107029e-03 4.510710e-01 6.778072e-01 -5.633822e-02 1.940741e-01
-2.666670e-03 -2.098476e-03 -1.269438e-03 4.696461e-01 -3.317564e-02 1.789136e-01 1.940741e-01
9.953392e-04 -9.970227e-04 4.035700e-03 1.977207e-01 -4.230171e-01 3.344920e-01 1.940741e-01
3.376019e-04 3.441515e-03 -9.030907e-04 3.721966e-01 2.388980e-01 -1.158096e+00 1.940741e-01
1.451054e-04 -1.256193e-03 9.962750e-04 1.216370e-01 1.693443e-01 8.671672e-01 1.940741e-01
1.138323e-04 -2.792954e-04 5.172363e-04 3.526149e-02 -1.100500e-01 1.626109e-02 1.940741e-01
-2.133851e-03 -1.862985e-03 -1.845110e-03 4.252168e-02 -3.916198e-03 -4.238927e-02 1.940741e-01
-7.720436e-04 -2.194808e-03 -3.298742e-04 6.231984e-01 -2.740888e-01 1.071200e+00 1.940741e-01
1.032727e-03 3.270689e-03 7.449655e-04 -2.660346e-02 3.791382e-02 4.111668e-02 1.940741e-01
-2.330022e-05 -1.455503e-03 -4.044070e-03 -2.597646e-01 -5.297304e-01 -1.919425e+00 1.940741e-01
-4.251093e-03 -1.899983e-05 -4.231422e-04 4.843400e-01 9.030767e-01 1.533588e+00 1.940741e-01
-7.216764e-04 -1.032640e-03 -1.821654e-03 -3.189662e-01 8.777342e-02 -2.515770e-01 1.940741e-01
