# Number of DM particles: 16. Softening length [pc]: 0.001
1.636533e-03 -9.033080e-04 1.503606e-03 -1.244979e+00 -5.254073e-01 -1.124880e+00 1.940741e-01
-8.653133e-04 -1.079726e-03 9.939860e-04 1.360335e+00 1.153123e-01 5.846331e-01 1.940741e-01
-1.342522e-03 1.685337e-03 -6.904030e-05 4.899371e-01 4.058608e-01 3.701831e-01 1.940741e-01
6.016071e-04 -7.297948e-04 -4.580277e-04 -2.085929e-01 1.713812e-01 -2.237435e+00 1.940741e-01
1.207039e-03 1.114992e-03 -1.062908e-03 -7.368770e-02 -2.478147e-01 5.085805e-01 1.940741e-01
-3.396709e-03 -1.755964e-05 2.149499e-03 1.291663e+00 -2.690209e-01 5.938301e-02 1.940741e-01
-7.664687e-04 -2.201447e-03 3.333264e-03 -3.739749e-01 -9.064198e-01 -8.634773e-02 1.940741e-01
1.664373e-04 2.633636e-03 -1.615792e-03 6.422741e-02 -3.158872e-01 -4.653802e-01 1.940741e-01
-8.107460e-04 -6.760359e-04 2.007814e-03 5.888413e-02 1.369220e+00 -1.511495e+00 1.940741e-01
5.239070e-04 2.756988e-03 1.370915e-03 -1.180534e-02 3.653146e-01 2.598291e-01 1.940741e-01
-1.463764e-03 2.667575e-03 4.181837e-04 1.837835e+00 -2.587732e-01 -9.403736e-01 1.940741e-01
9.058022e-04 -5.800335e-04 1.012399e-03 1.710366e+00 1.310443e+00 1.517800e-01 1.940741e-01
-8.434619e-04 -2.097731e-03 4.100209e-04 1.410266e+00 -3.727641e-01 -1.840613e+00 1.940741e-01
1.087864e-04 2.074566e-03 7.041695e-04 1.329329e+00 -1.083907e+00 5.714757e-02 1.940741e-01
-1.204402e-03 -6.361176e-04 4.036958e-03 -2.522341e-01 1.576430e-01 -2.286897e-01 1.940741e-01
2.019121e-04 -2.455535e-03 6.138576e-04 -1.033493e+00 6.005188e-01 -3.136912e-01 1.940741e-01
