# Number of DM particles: 16. Softening length [pc]: 0.001
-2.216278e-03 -2.364870e-04 1.139760e-03 2.312279e-01 6.174026e-01 1.517459e+00 1.940741e-01
-1.441535e-03 3.170523e-03 -2.444569e-03 -1.067690e+00 9.415132e-01 -6.996749e-01 1.940741e-01
1.630733e-03 -8.132844e-04 -2.670590e-03 2.145792e+00 -3.944592e-01 -1.100127e+00 1.940741e-01
-4.722807e-04 1.513430e-03 -1.014510e-03 -5.923663e-02 -8.519609e-01 -8.534581e-01 1.940741e-01
1.160663e-03 1.571817e-03 -7.440651e-04 -1.763704e+00 -6.841549e-01 5.607099e-01 1.940741e-01
-3.885637e-03 2.436379e-04 8.289795e-04 -6.200680e-01 -2.962613e-02 -6.376459e-01 1.940741e-01
-2.615024e-03 1.402085e-03 -3.783647e-04 1.589715e+00 2.753942e-01 -6.947642e-01 1.940741e-01
1.131984e-03 -6.041056e-05 -2.097060e-03 -8.485875e-01 -1.772337e-01 -4.249930e-02 1.940741e-01
7.755814e-04 -4.515278e-04 -8.823159e-04 3.606183e-02 5.055432e-01 4.951720e-01 1.940741e-01
2.114571e-03 3.734197e-03 1.149234e-04 1.999647e-01 -4.315627e-01 -5.898578e-02 1.940741e-01
5.221811e-04 3.411884e-03 2.971210e-04 -1.380095e-02 -2.925026e-03 -1.712131e-02 1.940741e-01
-5.726583e-04 -2.067135e-03 2.931521e-03 1.043027e+00 -4.474872e-01 -1.474382e+00 1.940741e-01
-8.402680e-04 1.805350e-03 -2.096011e-03 1.120022e-01 5.551409e-01 2.041987e-01 1.940741e-01
-1.498354e-03 2.305498e-03 3.764653e-04 -1.542187e-01 -2.494808e-01 -6.605196e-01 1.940741e-01
-8.405550e-04 2.466474e-03 1.018266e-03 7.486239e-01 -2.018123e+00 -3.834719e-01 1.940741e-01
3.139075e-03 -1.808076e-03 -1.594337e-04 6.867380e-01 -9.381642e-01 1.713076e+00 1.940741e-01
