# Number of DM particles: 16. Softening length [pc]: 0.001
1.776826e-03 -1.557708e-03 1.467691e-03 -4.734114e-01 -7.661832e-01 -1.209108e+00 1.940741e-01
2.367441e-03 2.026680e-03 -4.825576e-04 -2.404033e-02 2.403104e-02 -5.429592e-02 1.940741e-01
-1.274626e-03 -3.906533e-04 5.206869e-04 1.479157e+00 8.828102e-02 1.717248e+00 1.940741e-01
6.291336e-04 -3.718709e-04 -8.368838e-04 8.454955e-01 4.865831e-01 -4.758129e-01 1.940741e-01
1.061965e-03 4.285827e-04 5.566921e-05 -2.432047e-02 -3.721878e-02 -9.019453e-02 1.940741e-01
-1.084367e-04 1.480101e-04 -3.333990e-04 2.113997e+00 6.548678e-01 -2.592708e-02 1.940741e-01
1.129055e-03 -1.156922e-03 -1.788165e-03 9.175513e-01 -1.419140e+00 -4.136625e-02 1.940741e-01
-1.536280e-03 -7.176632e-04 1.703989e-03 1.421672e-01 2.793469e-01 -2.139105e-01 1.940741e-01
-3.038384e-04 -1.622523e-04 7.616080e-04 -5.968632e-02 -2.272157e-02 -2.602133e-03 1.940741e-01
-2.527164e-03 -8.282705e-05 -7.842446e-04 -1.677762e-03 2.137243e-03 -2.127671e-03 1.940741e-01
3.273250e-03 -7.679090e-04 -2.051703e-03 -4.900345e-01 1.297624e+00 9.307914e-01 1.940741e-01
8.091636e-04 -7.901879e-04 -3.107172e-03 -4.276242e-01 -9.561373e-01 4.796528e-02 1.940741e-01
-4.808781e-04 1.782889e-03 9.098148e-04 1.559317e+00 1.832704e-01 -3.460236e-02 1.940741e-01
2.205926e-03 9.670935e-04 3.097975e-04 -3.377099e-01 -1.123116e+00 1.758545e+00 1.940741e-01
-1.916590e-03 -1.675475e-03 -1.238874e-03 6.078354e-01 -5.955578e-01 -3.093184e-01 1.940741e-01
1.913005e-03 -2.515928e-03 6.543938e-04 1.213664e+00 -8.220321e-01 -2.171934e-01 1.940741e-01
