# Number of DM particles: 16. Softening length [pc]: 0.001
3.639412e-04 -1.408111e-03 3.418909e-03 -1.039464e+00 -6.423214e-01 -2.132986e+00 1.940741e-01
3.020124e-03 1.430724e-03 -1.606232e-03 8.019061e-01 2.746213e-01 1.189700e-01 1.940741e-01
7.369487e-04 -2.590087e-04 5.256443e-04 -2.610922e-01 6.677082e-03 -4.228293e-01 1.940741e-01
2.452896e-03 1.599818e-03 -2.312821e-04 -4.038180e-02 -1.103811e-03 1.279926e-01 1.940741e-01
5.899418e-04 2.727021e-03 2.308291e-03 7.832100e-01 7.314056e-01 4.933890e-01 1.940741e-01
-1.994106e-03 -1.769226e-03 2.941722e-03 -1.690216e+00 1.571800e+00 4.443013e-01 1.940741e-01
5.474025e-04 2.104961e-03 3.494140e-03 -7.929420e-01 2.184822e+00 -1.666809e-01 1.940741e-01
2.160831e-03 -8.804004e-04 4.113466e-04 4.037664e-01 -7.075055e-01 -2.539940e-01 1.940741e-01
-1.093355e-03 -3.741778e-04 -7.512495e-04 -9.232787e-01 -6.143496e-03 -4.823098e-01 1.940741e-01
2.896005e-04 -1.482240e-03 -2.909322e-03 -8.193227e-01 6.945454e-02 -3.210090e-01 1.940741e-01
-1.783810e-03 -1.151885e-03 -2.814545e-03 -9.176557e-01 -5.195167e-02 6.368571e-01 1.940741e-01
-1.574163e-03 2.931197e-03 -6.222692e-05 -6.730058e-01 8.541362e-01 1.806527e+00 1.940741e-01
-3.539033e-03 1.172443e-03 2.240933e-04 1.169425e+00 -1.251462e+00 7.540750e-01 1.940741e-01
-5.022755e-05 -2.510901e-03 1.266261e-03 8.106180e-01 1.250357e+00 1.399140e+00 1.940741e-01
3.949588e-04 -5.456962e-04 -2.638559e-04 -1.707185e+00 1.798587e+00 7.063173e-02 1.940741e-01
7.324975e-04 -2.901272e-03 3.912251e-04 -7.155690e-03 5.196215e-03 9.284288e-03 1.940741e-01
