# Number of DM particles: 16. Softening length [pc]: 0.001
7.966738e-04 -2.834753e-03 3.963609e-04 -1.726875e-02 3.327320e-02 1.960706e-02 1.940741e-01
1.852173e-03 1.945990e-03 2.226453e-03 2.598060e-01 8.652805e-01 1.663998e+00 1.940741e-01
-6.990595e-04 -2.346165e-03 2.330790e-03 2.111501e+00 -1.217249e+00 -1.228224e-01 1.940741e-01
-1.213536e-03 -1.853388e-03 -1.892620e-04 1.144446e+00 2.118513e-01 3.227604e-01 1.940741e-01
-7.871186e-04 1.096394e-03 -5.993597e-04 -1.350489e+00 3.770469e-01 2.068584e-01 1.940741e-01
1.926197e-03 -2.210929e-04 -2.683744e-04 -7.357361e-01 -6.980963e-01 -1.554952e-01 1.940741e-01
5.329546e-04 -1.164998e-03 -2.607202e-04 1.573668e+00 -1.943807e-01 1.233247e+00 1.940741e-01
1.181875e-03 2.120243e-03 1.544031e-03 -3.106664e-01 -5.009576e-01 -2.916758e-01 1.940741e-01
1.157106e-03 -2.729969e-03 2.044333e-04 -2.628624e-01 -1.070936e-01 3.775327e-01 1.940741e-01
-3.408224e-03 9.350487e-04 -2.292309e-03 9.042341e-01 1.912695e+00 1.282165e+00 1.940741e-01
-1.636353e-03 2.337270e-03 8.583836e-04 2.811111e-02 -7.795126e-02 -7.459631e-02 1.940741e-01
-3.063392e-03 2.683349e-03 -2.528347e-04 -9.376413e-02 -9.406369e-02 4.531951e-01 1.940741e-01
5.408195e-04 -1.051028e-03 1.776077e-03 1.024668e+00 -1.249814e-01 5.529043e-01 1.940741e-01
2.164447e-04 2.621607e-03 -2.072960e-03 -1.288213e-01 -9.585795e-02 -5.694265e-02 1.940741e-01
1.634284e-04 5.287124e-04 7.890845e-04 -1.005359e-03 -1.562783e-04 1.850552e-04 1.940741e-01
1.224369e-03 2.624479e-04 3.845618e-03 -1.628173e+00 8.520817e-01 2.098026e-01 1.940741e-01
