# Number of DM particles: 16. Softening length [pc]: 0.001
-2.927704e-03 -1.540827e-03 4.496984e-04 -9.380154e-02 5.236898e-01 -4.347238e-01 1.940741e-01
-3.886601e-03 -3.816606e-04 -1.216464e-03 -7.016212e-01 -8.694503e-01 -1.366458e+00 1.940741e-01
-1.157689e-03 -7.694516e-04 1.547150e-03 7.682409e-03 4.161493e-02 -8.743835e-03 1.940741e-01
-9.192006e-04 -2.424567e-03 -1.941216e-03 -1.101513e+00 1.237672e+00 1.481085e+00 1.940741e-01
7.365063e-04 -1.815050e-03 2.859216e-03 -1.424743e-01 -1.059289e-02 8.850196e-02 1.940741e-01
1.877126e-03 1.710567e-03 -2.776410e-04 3.263065e-01 -9.168862e-01 -8.112253e-01 1.940741e-01
-1.779003e-03 -1.289913e-03 1.619619e-03 1.489886e+00 -5.039333e-01 -7.653795e-01 1.940741e-01
1.599854e-03 6.732499e-04 -1.120185e-03 -1.452701e+00 -5.848948e-01 1.675235e-01 1.940741e-01
-1.817328e-03 4.906948e-04 -9.595316e-05 1.464684e-01 -7.437288e-01 -5.666685e-02 1.940741e-01
-5.130271e-04 1.586103e-03 1.111130e-03 1.680854e-02 1.778278e-01 -1.945600e-01 1.940741e-01
3.319502e-03 -1.154726e-03 -1.234446e-03 -3.767170e-01 -5.761210e-01 3.890344e-01 1.940741e-01
-1.184702e-03 9.887995e-04 -1.323913e-03 -1.031886e-02 -6.117539e-02 1.040972e-01 1.940741e-01
-8.575899e-04 2.563882e-03 2.407881e-03 5.746786e-02 1.418218e+00 1.798996e-01 1.940741e-01
-1.116411e-03 2.455783e-03 2.475372e-04 -5.304377e-01 -2.876922e-01 -1.077643e-01 1.940741e-01
1.665826e-03 3.766275e-04 -2.658718e-03 9.650311e-02 7.537663e-01 -2.216588e+00 1.940741e-01
-7.404854e-04 4.048891e-04 2.060861e-03 1.442001e+00 8.077619e-01 1.468183e-01 1.940741e-01
