# Number of DM particles: 16. Softening length [pc]: 0.001
6.825013e-04 1.482147e-04 8.550489e-04 2.656530e-01 1.680777e-01 -5.964039e-01 1.940741e-01
2.600458e-04 -1.201229e-03 -4.590645e-05 4.137366e-01 2.114865e-01 -3.131526e-01 1.940741e-01
-2.053964e-03 2.508760e-03 -2.333425e-03 -4.567219e-01 -1.915176e-01 -1.909122e+00 1.940741e-01
3.083045e-04 -4.057798e-04 -3.388522e-03 -3.160344e-01 -2.041571e+00 -4.338050e-01 1.940741e-01
2.370430e-04 2.374324e-04 3.784514e-04 -7.141889e-01 1.522790e+00 -1.661577e+00 1.940741e-01
-2.626396e-05 -2.330971e-04 -1.401416e-04 -1.620360e-01 1.127923e+00 1.156582e+00 1.940741e-01
9.091404e-04 1.704836e-03 -1.170671e-04 4.815538e-01 -4.103748e-01 -2.172966e-01 1.940741e-01
-1.159049e-03 1.300166e-03 1.797835e-03 -1.153379e-01 -5.406272e-01 1.140311e+00 1.940741e-01
-2.986003e-03 -3.748527e-04 -1.637235e-04 1.076785e+00 -1.984052e+00 -1.333011e-01 1.940741e-01
-1.335266e-03 2.938883e-03 2.388302e-03 -1.326280e+00 2.897935e-01 -1.929773e+00 1.940741e-01
-3.773230e-04 -1.981104e-03 -7.316493e-04 -1.285302e+00 -5.189194e-01 -9.896152e-01 1.940741e-01
1.277340e-04 3.724633e-04 -3.942686e-03 -1.270346e+00 5.444123e-01 1.804261e+00 1.940741e-01
1.625031e-03 2.205737e-03 1.080687e-03 2.236709e+00 2.535825e-01 9.539027e-01 1.940741e-01
9.261701e-04 -2.487887e-03 -1.047791e-03 -3.165929e-03 8.325070e-04 5.309762e-05 1.940741e-01
1.875274e-03 -8.359549e-04 2.018433e-04 1.319923e+00 -9.042892e-01 4.261921e-01 1.940741e-01
6.443117e-05 -1.749947e-04 -2.584096e-06 8.698077e-01 -5.713828e-01 -1.937685e+00 1.940741e-01
