# Number of DM particles: 16. Softening length [pc]: 0.001
1.702571e-03 -2.434035e-03 9.668021e-04 -6.838990e-01 -6.135621e-01 -5.585094e-01 1.940741e-01
-8.026945e-04 -8.579276e-04 6.267575e-04 -7.540371e-01 9.967418e-01 1.656461e+00 1.940741e-01
5.848659e-05 8.704420e-05 -2.303678e-04 -9.671277e-01 8.010105e-01 -2.085882e+00 1.940741e-01
1.064638e-03 8.011804e-05 -1.299563e-03 1.924811e+00 1.481988e+00 -1.569941e-01 1.940741e-01
-1.832269e-03 2.355772e-03 2.159839e-03 -4.522200e-01 9.222293e-01 -1.972089e+00 1.940741e-01
-5.005172e-04 -3.061835e-03 -2.253020e-03 -1.716799e-01 -7.072552e-01 1.526357e+00 1.940741e-01
-3.733697e-03 1.064418e-04 -3.951514e-04 -8.885952e-01 9.008590e-02 -3.551386e-01 1.940741e-01
3.847503e-04 2.352601e-04 -7.007551e-04 2.086590e+00 -1.153365e-01 6.460237e-01 1.940741e-01
9.020639e-04 -1.359235e-03 -5.578159e-04 7.419937e-01 1.720109e-01 5.095845e-01 1.940741e-01
3.118912e-04 -3.979848e-04 2.474191e-03 -1.726494e+00 -1.380243e+00 -1.075098e+00 1.940741e-01
1.371226e-03 4.459295e-04 -2.937730e-04 -5.049695e-01 7.637364e-01 3.390956e-01 1.940741e-01
-3.024756e-03 -6.293815e-04 6.207316e-04 6.750228e-01 -2.498764e-02 2.109250e+00 1.940741e-01
-1.629261e-03 1.422806e-03 9.306664e-04 4.395038e-01 -3.388219e-01 -1.255349e-01 1.940741e-01
1.374796e-03 9.204879e-04 -1.487629e-03 7.117934e-01 -2.879288e-01 -6.069724e-01 1.940741e-01
1.176812e-03 8.798933e-04 -1.468201e-04 1.958223e+00 1.213100e+00 -2.389983e-01 1.940741e-01
-3.619987e-04 -3.443370e-03 -1.310817e-03 -9.309795e-01 8.221275e-01 -8.872004e-01 1.940741e-01
