# Number of DM particles: 16. Softening length [pc]: 0.001
-5.685990e-05 7.260180e-04 5.388544e-04 -6.893104e-01 -7.570757e-01 3.259110e-01 1.940741e-01
5.407226e-04 -2.938067e-03 6.273711e-04 -1.711977e+00 -6.046059e-01 -5.527501e-01 1.940741e-01
5.136449e-05 -1.889695e-05 6.642055e-04 1.270004e-01 1.823207e-01 -6.970910e-02 1.940741e-01
-9.576651e-05 4.146990e-03 5.794421e-04 1.348775e+00 3.307042e-02 9.495922e-01 1.940741e-01
-1.297039e-03 -2.211560e-03 1.384087e-03 7.267727e-01 -1.045858e+00 5.854072e-01 1.940741e-01
2.618163e-03 2.949393e-04 8.139596e-04 1.769167e+00 -1.594048e-01 7.440220e-03 1.940741e-01
-1.309903e-03 -3.483930e-03 2.370718e-04 2.359807e-01 9.132356e-01 6.400183e-02 1.940741e-01
3.415628e-03 9.466319e-04 -2.077355e-03 6.244556e-02 -4.614291e-01 3.210166e-01 1.940741e-01
3.846120e-04 -3.478992e-04 -9.684547e-04 5.803032e-01 -4.682403e-01 3.175253e-01 1.940741e-01
-2.394799e-03 -1.177474e-03 1.086020e-03 2.814244e-02 3.231233e-01 1.591099e+00 1.940741e-01
-9.939379e-04 -2.543688e-03 2.718705e-03 4.179883e-01 -6.624701e-01 6.802527e-01 1.940741e-01
-9.475686e-05 -2.919390e-04 1.600708e-03 -3.612494e-01 -6.798902e-01 8.659155e-01 1.940741e-01
-1.007714e-03 2.654567e-03 1.251155e-03 -5.817406e-02 3.952972e-01 3.494849e-01 1.940741e-01
-8.085456e-04 -1.866316e-03 1.229969e-03 7.543889e-01 -6.960814e-01 1.165991e+00 1.940741e-01
1.564879e-04 2.514903e-03 -4.494009e-05 -6.449037e-01 6.164792e-01 5.040841e-01 1.940741e-01
-6.619606e-04 1.082293e-03 -2.888955e-04 5.834716e-01 -8.104341e-01 3.638297e-01 1.940741e-01
