# Number of DM particles: 16. Softening length [pc]: 0.001
-6.448040e-04 1.700681e-03 -1.717599e-03 4.103432e-01 1.797152e-01 1.011268e+00 1.940741e-01
1.573397e-03 -2.739408e-03 1.804360e-03 1.054970e-01 1.067993e+00 6.727306e-01 1.940741e-01
3.085682e-04 7.517393e-04 1.334945e-03 1.861593e-01 -4.267786e-02 2.611429e-01 1.940741e-01
6.135734e-04 3.220119e-03 -1.730315e-03 1.103868e-02 2.437801e-03 3.017892e-02 1.940741e-01
-1.166939e-03 3.120291e-03 2.374797e-03 1.688288e+00 6.566042e-01 1.241945e+00 1.940741e-01
9.954047e-04 -2.302814e-04 -3.704995e-04 -1.818875e+00 -5.328614e-01 -7.809515e-01 1.940741e-01
-2.209805e-05 -7.512424e-04 8.662937e-04 1.752806e+00 1.422159e+00 6.433418e-01 1.940741e-01
-3.955863e-04 2.666695e-04 2.424522e-03 -1.164817e+00 -9.372763e-01 -6.971964e-01 1.940741e-01
-8.496599e-04 -1.771454e-03 -7.855686e-05 -5.403203e-01 9.270928e-01 7.455082e-01 1.940741e-01
2.011588e-03 3.322026e-03 1.482847e-03 -1.470473e-02 1.200605e+00 1.698765e+00 1.940741e-01
-1.113231e-03 -2.762681e-03 1.098925e-04 5.499090e-02 1.896998e+00 1.446960e+00 1.940741e-01
-3.710282e-03 5.673162e-04 -1.783174e-03 5.458873e-01 7.694621e-01 -6.792723e-01 1.940741e-01
6.509918e-04 3.567186e-04 -4.433449e-04 -8.872281e-03 1.267240e-02 4.906279e-03 1.940741e-01
-1.079158e-04 -1.510185e-03 2.572048e-03 1.353299e-01 1.501494e-01 -2.779736e-01 1.940741e-01
6.174172e-04 -1.371069e-03 -1.484835e-04 -2.445698e-01 1.907232e+00 -1.551720e+00 1.940741e-01
2.579100e-03 -2.471613e-04 2.066557e-04 6.143777e-02 -5.911002e-02 -7.100719e-02 1.940741e-01
