# Number of DM particles: 16. Softening length [pc]: 0.001
1.190901e-03 1.986379e-03 1.684781e-03 7.143331e-03 -1.998860e-01 -1.046809e+00 1.940741e-01
2.631390e-05 2.224006e-03 -9.231401e-04 1.060849e+00 -1.142148e+00 -1.879563e+00 1.940741e-01
1.494703e-03 1.084545e-03 4.345897e-05 1.348600e+00 -1.333468e+00 -1.222943e+00 1.940741e-01
8.975542e-04 2.925477e-03 -1.640935e-05 6.129421e-01 5.322545e-01 -3.748863e-01 1.940741e-01
7.202874e-04 -8.669204e-04 6.265335e-04 -5.823903e-02 3.596653e-01 -3.176714e-01 1.940741e-01
1.251215e-03 1.987647e-03 1.233458e-03 -1.596605e+00 -8.787449e-01 5.147656e-01 1.940741e-01
5.543271e-04 -2.167273e-03 -3.049878e-03 2.935467e-02 1.838949e-01 -6.141690e-01 1.940741e-01
1.140459e-03 -1.156192e-03 1.985761e-03 -3.995277e-01 5.296286e-01 3.089714e-01 1.940741e-01
1.783006e-03 -1.358913e-03 3.035558e-03 1.526913e-02 -1.819168e-03 -2.116208e-02 1.940741e-01
9.819707e-04 -5.152380e-04 -2.048558e-03 -7.185681e-01 1.192468e+00 -9.509181e-01 1.940741e-01
1.807043e-03 -5.163668e-04 -5.612763e-04 1.702366e+00 -4.065113e-01 -1.092472e+00 1.940741e-01
1.046994e-03 -5.494522e-05 -1.514166e-03 5.055487e-01 -1.371681e+00 -1.611361e+00 1.940741e-01
-3.384717e-03 2.422954e-03 5.067449e-04 -3.134427e-01 -3.542432e-02 7.154371e-02 1.940741e-01
1.326898e-03 -9.320403e-05 1.261710e-03 8.118753e-01 1.110944e-01 1.326995e+00 1.940741e-01
-2.776277e-03 1.113984e-03 1.180871e-03 -1.419826e+00 1.139320e+00 7.919723e-02 1.940741e-01
-1.156492e-03 9.894447e-04 -2.211532e-03 -1.356198e+00 -2.091983e-01 7.560961e-01 1.940741e-01
