# Number of DM particles: 16. Softening length [pc]: 0.001
-1.554485e-03 6.928766e-04 -5.206958e-04 5.625663e-01 -3.236206e-01 -1.792071e-02 1.940741e-01
-1.367608e-03 -2.908859e-03 1.875953e-03 -1.076596e+00 1.512464e+00 -3.665342e-01 1.940741e-01
1.983516e-04 -3.277374e-03 2.149377e-03 -1.570881e-01 3.702204e-01 1.758105e-02 1.940741e-01
2.166377e-04 -7.404142e-04 -2.904672e-03 -8.970265e-01 -2.059531e-01 -9.641467e-01 1.940741e-01
-9.167274e-04 1.686377e-03 -1.963670e-03 1.252605e+00 -1.171523e+00 1.279171e+00 1.940741e-01
-1.765546e-03 -2.559236e-04 7.159834e-04 2.524648e-01 6.464098e-01 3.838044e-03 1.940741e-01
1.999016e-03 3.527075e-04 4.486670e-04 -2.436954e-01 -2.694435e-01 1.113326e+00 1.940741e-01
9.914926e-05 -6.407045e-04 -4.333294e-04 1.264057e+00 1.632387e+00 -1.205558e+00 1.940741e-01
1.557537e-03 -1.776754e-04 2.503703e-03 -1.362413e-01 -8.112504e-01 -1.289403e-01 1.940741e-01
-9.802917e-04 -3.006182e-04 2.325250e-04 -2.096434e-02 -9.368607e-01 1.886345e+00 1.940741e-01
-1.068245e-03 1.325389e-03 1.657030e-03 5.636438e-01 -6.653716e-01 -4.812630e-01 1.940741e-01
5.399871e-04 3.328103e-04 2.386187e-04 3.283171e-02 1.060101e-01 -1.381946e-02 1.940741e-01
-3.347467e-03 -2.015114e-03 8.649337e-04 -2.344219e-01 2.566996e-01 1.366087e-01 1.940741e-01
-6.383703e-05 -6.126358e-05 5.822959e-07 -1.652954e+00 7.761725e-01 -2.365331e-01 1.940741e-01
4.922343e-04 3.427855e-04 1.316232e-03 -1.132773e+00 -7.635484e-02 4.542211e-01 1.940741e-01
1.689070e-05 2.756353e-03 2.313790e-03 1.310245e-01 -1.686982e+00 1.397738e-01 1.940741e-01
