# Number of DM particles: 16. Softening length [pc]: 0.001
-3.389275e-03 9.478674e-04 1.128131e-03 -5.172494e-01 3.025220e-01 5.833044e-02 1.940741e-01
-8.901394e-05 2.689772e-03 -2.334188e-04 -5.352800e-01 4.726783e-01 6.071979e-01 1.940741e-01
1.804686e-03 1.895521e-03 5.540819e-04 -7.781817e-02 -3.716724e-01 2.238451e-01 1.940741e-01
-3.550272e-04 -2.939894e-03 -6.788213e-04 -7.734065e-01 -6.182381e-01 9.853096e-01 1.940741e-01
-5.601534e-04 -6.795485e-04 9.800141e-04 1.541049e+00 2.985879e-01 -7.540387e-01 1.940741e-01
-4.682410e-04 -3.458086e-05 -2.019998e-03 1.121677e+00 3.549574e-01 -9.715839e-01 1.940741e-01
-7.072083e-04 2.752157e-04 -8.755271e-04 1.657835e+00 1.219643e+00 1.269798e+00 1.940741e-01
-7.683733e-04 -1.590666e-03 -2.755536e-03 -1.330949e+00 1.337460e+00 -4.105473e-01 1.940741e-01
8.733748e-05 1.453306e-03 2.727292e-04 1.017074e+00 1.084339e+00 1.681049e+00 1.940741e-01
-3.996181e-04 -1.833638e-03 -3.521702e-04 2.262588e-01 5.654987e-01 -3.524546e-01 1.940741e-01
-1.652255e-03 -3.119298e-03 -1.235670e-03 2.309249e-01 2.723675e-01 -2.511416e-01 1.940741e-01
7.707420e-04 -9.239169e-04 -1.279341e-03 1.664470e+00 -2.033909e-01 3.778683e-01 1.940741e-01
1.282418e-03 9.363458e-04 1.124979e-04 -1.305832e+00 -2.899722e-01 1.794682e+00 1.940741e-01
3.795521e-04 -3.208839e-04 -3.582695e-03 -3.424421e-02 -5.576836e-02 -2.706842e-02 1.940741e-01
1.709441e-03 8.452772e-04 3.064886e-03 -3.019427e-02 -1.564494e-01 -2.501250e-01 1.940741e-01
1.139992e-03 1.715761e-03 -2.430714e-03 -1.325350e+00 -1.331824e+00 1.830625e-01 1.940741e-01
