# Number of DM particles: 16. Softening length [pc]: 0.001
1.411471e-03 -4.165931e-04 2.639360e-03 1.626334e+00 8.583600e-02 4.136530e-01 1.940741e-01
3.481506e-03 3.495008e-05 4.390031e-04 6.307794e-01 -4.040888e-01 3.581940e-02 1.940741e-01
-8.577444e-04 -1.322230e-03 -5.966845e-04 -7.294257e-02 -4.308394e-02 1.100393e-01 1.940741e-01
1.017503e-03 -2.223478e-03 -1.984217e-03 3.050787e-01 -2.368008e-01 -1.757193e-01 1.940741e-01
-1.265780e-03 -2.379427e-04 6.801980e-04 -1.683305e+00 -1.501383e-01 -4.521628e-01 1.940741e-01
1.573867e-03 -1.574219e-03 -1.913933e-03 -2.536046e-02 -3.798105e-02 -4.605273e-02 1.940741e-01
1.721135e-03 1.860886e-03 1.511620e-03 -9.997627e-02 6.194584e-01 2.892873e-01 1.940741e-01
-1.028637e-03 2.094513e-04 -8.351506e-04 -3.006553e-01 5.698310e-01 2.591459e-01 1.940741e-01
-5.071446e-05 -2.154932e-03 1.436127e-04 4.443564e-01 8.662142e-01 1.044936e+00 1.940741e-01
1.127998e-04 -9.697066e-05 4.882705e-04 -8.533758e-01 5.180645e-01 -3.517200e-02 1.940741e-01
-6.306258e-04 2.452380e-03 2.941526e-04 6.901854e-01 1.369480e-01 1.492423e-01 1.940741e-01
2.439470e-03 -1.714950e-03 -2.685345e-03 -3.765864e-01 9.893163e-01 -3.008601e-02 1.940741e-01
-7.820934e-04 -2.680321e-03 9.251793e-04 -6.550049e-01 2.701555e-02 -1.132577e-01 1.940741e-01
1.017302e-03 -3.832868e-04 3.381194e-04 -6.790420e-03 9.174449e-02 8.172596e-02 1.940741e-01
4.493127e-04 -5.729310e-05 2.698808e-03 -1.804524e+00 -1.131482e+00 3.993068e-01 1.940741e-01
1.028987e-03 -1.658345e-03 -1.632978e-03 -3.184567e-02 6.233971e-02 -3.004355e-01 1.940741e-01
