# Number of DM particles: 16. Softening length [pc]: 0.001
-1.338536e-03 2.847094e-03 3.802129e-04 -6.104606e-01 -1.310072e+00 -7.159267e-01 1.940741e-01
2.917400e-03 -1.315706e-03 -8.310594e-04 -3.716083e-01 -6.188634e-02 -1.707742e+00 1.940741e-01
2.804473e-03 -2.097864e-03 -7.807451e-04 -3.562564e-01 2.504669e-01 2.677122e-03 1.940741e-01
-2.233473e-04 -1.687394e-04 -3.455447e-03 2.766432e-01 -7.366887e-02 -4.725838e-01 1.940741e-01
1.116687e-03 -8.175659e-04 -3.570601e-03 8.949794e-01 -7.049077e-02 -1.057762e+00 1.940741e-01
-1.027878e-03 7.006362e-04 7.416201e-04 -1.196141e+00 7.544109e-01 1.093084e+00 1.940741e-01
-1.741371e-03 -2.431737e-03 3.000402e-03 3.248197e-01 -1.272536e+00 -9.892062e-01 1.940741e-01
1.800520e-04 -1.266259e-03 4.386432e-04 -8.248315e-01 2.536324e-01 -2.322455e-01 1.940741e-01
1.595542e-03 -1.282737e-03 -1.443856e-03 1.276567e+00 1.393124e+00 7.186267e-01 1.940741e-01
-9.388443e-04 1.542593e-04 6.863847e-05 1.664026e-01 -7.705199e-01 -2.025859e+00 1.940741e-01
5.608239e-04 -1.728156e-03 -1.374645e-03 1.671772e+00 -6.078281e-01 4.712359e-01 1.940741e-01
8.662879e-04 4.622927e-04 4.122382e-03 3.269864e-01 6.688534e-01 -1.610041e+00 1.940741e-01
-3.914633e-03 -1.750272e-03 -1.801929e-04 -5.904711e-01 -1.163836e-01 -6.042099e-01 1.940741e-01
3.385290e-03 -1.598033e-03 1.590478e-03 1.606636e+00 -7.882674e-01 1.278732e+00 1.940741e-01
-1.857823e-04 1.203824e-04 -2.031405e-04 6.080211e-01 -1.127272e-01 3.153471e-01 1.940741e-01
-6.395106e-04 1.060710e-03 -7.152934e-05 -6.785590e-01 -1.785413e-01 1.496433e-01 1.940741e-01
