# Number of DM particles: 16. Softening length [pc]: 0.001
2.913242e-03 -1.706029e-03 -4.523589e-04 -8.112941e-02 -1.713427e+00 -1.440311e+00 1.940741e-01
3.717533e-04 1.185264e-03 2.214922e-03 7.815788e-01 -9.800216e-01 2.032221e+00 1.940741e-01
2.459349e-04 1.587874e-03 2.010967e-03 1.517550e-01 3.739148e-01 -5.406806e-01 1.940741e-01
-2.032665e-03 1.780507e-03 1.434329e-03 -1.072046e-01 2.614380e-01 -7.636945e-02 1.940741e-01
-6.638709e-04 -6.403154e-04 -1.982378e-03 2.324362e-01 -8.078379e-01 -6.128793e-01 1.940741e-01
-2.917797e-03 1.703196e-03 -8.700834e-04 -1.301076e-01 -1.369751e-01 -6.418760e-02 1.940741e-01
-5.055788e-04 -1.398090e-03 2.074814e-03 4.700216e-01 -3.259757e-01 -2.724897e-01 1.940741e-01
3.847579e-03 -2.474050e-04 1.286333e-03 -1.160254e+00 -2.066213e-01 1.573226e-01 1.940741e-01
1.534746e-03 -1.056734e-03 -1.011147e-03 6.932349e-01 -4.088390e-01 3.395225e-01 1.940741e-01
-2.955136e-03 -2.084754e-03 6.704192e-04 3.618556e-01 -3.031780e-01 8.665978e-01 1.940741e-01
8.542485e-05 1.442021e-04 -3.356712e-04 3.993029e-01 -1.055909e+00 1.740130e-01 1.940741e-01
3.002431e-03 -2.694649e-04 1.854645e-03 -7.519276e-01 -6.972886e-02 -1.744599e+00 1.940741e-01
-6.992526e-04 -6.700951e-04 1.244587e-03 -7.173123e-01 1.092836e+00 -9.036475e-01 1.940741e-01
9.849074e-04 2.059829e-03 -2.198953e-03 4.771583e-01 -1.317144e+00 4.167870e-01 1.940741e-01
2.425256e-04 2.362311e-04 -5.177710e-05 1.172172e+00 -7.724091e-01 3.354013e-01 1.940741e-01
1.458583e-03 1.495301e-03 4.499142e-04 9.745147e-01 8.189280e-01 2.240526e-01 1.940741e-01
