# Number of DM particles: 16. Softening length [pc]: 0.001
-8.335196e-05 -1.620066e-03 2.832274e-03 -2.779931e-01 -7.113493e-02 2.063888e-01 1.940741e-01
1.028688e-03 -2.780653e-04 -1.214012e-03 8.935687e-01 7.572194e-01 -1.325808e+00 1.940741e-01
2.591354e-03 -5.360601e-04 -8.907013e-05 1.696324e+00 3.573131e-01 -1.669576e+00 1.940741e-01
3.861002e-05 -3.034110e-04 -2.200385e-04 1.874794e+00 8.622924e-01 7.601033e-01 1.940741e-01
-2.340626e-05 1.968404e-04 -3.869964e-04 -1.881192e+00 9.157263e-01 2.533755e-01 1.940741e-01
2.824269e-03 1.571811e-03 7.083031e-04 -2.770799e-01 4.015708e-01 1.277329e+00 1.940741e-01
1.878667e-03 2.095802e-03 5.152859e-04 3.005081e-01 3.159720e-01 2.592650e-01 1.940741e-01
2.132418e-03 4.913129e-04 -1.739637e-03 -4.441604e-01 2.264322e+00 4.071862e-01 1.940741e-01
-1.435905e-03 3.356686e-03 1.071038e-03 -7.581784e-01 -1.735854e-01 9.608346e-01 1.940741e-01
-1.004033e-03 2.371403e-03 1.769902e-03 3.307698e-01 -8.891337e-01 1.039331e+00 1.940741e-01
2.163302e-03 1.289640e-03 -1.384944e-03 -1.921752e-01 -3.226990e-01 5.301301e-01 1.940741e-01
-1.114923e-03 -2.593734e-04 1.740371e-04 2.407666e-03 1.841444e-02 -5.995616e-02 1.940741e-01
3.089097e-03 1.395314e-03 2.443546e-03 4.121660e-01 -6.427925e-01 1.836828e-01 1.940741e-01
-2.937891e-03 2.217076e-03 1.216135e-03 -6.318037e-01 -4.673482e-01 3.517441e-01 1.940741e-01
-1.988529e-03 2.924304e-03 1.673918e-03 -1.359294e+00 1.592714e+00 -2.355307e-01 1.940741e-01
1.253262e-03 1.186524e-03 1.430851e-03 -1.402984e+00 5.082165e-01 1.746212e+00 1.940741e-01
