# Number of DM particles: 16. Softening length [pc]: 0.001
-2.190895e-03 -2.470199e-03 8.847503e-04 6.796132e-01 -5.584184e-01 1.339905e+00 1.940741e-01
-1.812956e-03 2.726470e-04 -1.007064e-03 -1.215803e+00 5.127872e-02 1.738510e+00 1.940741e-01
2.088464e-03 5.133330e-04 2.931390e-03 -2.841982e-02 -8.290485e-02 2.274096e-01 1.940741e-01
3.047767e-03 1.738701e-03 -2.407137e-03 -8.835389e-01 -9.824993e-03 1.006236e+00 1.940741e-01
-2.915378e-03 -1.090535e-03 1.395858e-03 6.770670e-02 -6.751752e-02 2.270697e-01 1.940741e-01
2.381285e-03 -5.834771e-04 -1.158173e-04 2.942320e-01 -1.369273e+00 -1.200183e+00 1.940741e-01
2.010581e-03 2.958616e-03 1.362706e-03 4.765123e-01 5.467299e-01 -2.185142e-01 1.940741e-01
-1.049436e-03 -3.641657e-03 -2.514293e-04 7.132719e-01 -4.365699e-01 -4.173389e-02 1.940741e-01
4.687690e-04 1.345962e-03 -1.783374e-03 -2.635909e-01 1.738509e-01 -5.158151e-01 1.940741e-01
3.422302e-03 9.413003e-04 -5.269212e-04 -1.458516e+00 1.041741e+00 -1.168478e+00 1.940741e-01
9.010798e-04 2.508374e-03 -2.587828e-04 -9.158586e-01 1.019592e+00 2.108014e-01 1.940741e-01
1.801590e-03 8.022407e-04 7.606881e-04 -1.976992e-01 -4.295170e-01 -1.713204e-01 1.940741e-01
-4.175452e-04 -1.827987e-03 -1.603583e-03 -1.736555e-01 4.811986e-01 2.385504e-01 1.940741e-01
7.086438e-04 2.215234e-03 -4.759533e-04 -3.072794e-01 -4.115091e-01 1.930531e+00 1.940741e-01
-3.979178e-04 8.548766e-05 -2.862166e-04 -1.865096e-01 -1.476096e-01 -4.648948e-02 1.940741e-01
1.633875e-03 -9.633897e-04 -2.910771e-03 -1.278544e+00 6.254621e-01 -8.835904e-01 1.940741e-01
