# Number of DM particles: 16. Softening length [pc]: 0.001
-1.429063e-03 -2.019879e-03 8.668976e-04 -5.020890e-02 5.393309e-02 -2.223856e-02 1.940741e-01
-3.429421e-03 -2.178138e-04 -1.704956e-03 3.432184e-02 -4.239655e-02 1.947371e-01 1.940741e-01
-9.900199e-04 -3.570331e-03 6.009387e-04 -1.959428e-01 -4.831326e-01 -3.039570e-01 1.940741e-01
2.095934e-03 -6.044198e-04 -2.429213e-03 -1.555352e-01 7.231100e-01 -2.170946e+00 1.940741e-01
-2.931761e-03 -4.108399e-05 1.558164e-03 1.771996e+00 2.989459e-01 7.952588e-01 1.940741e-01
6.593470e-04 2.791156e-04 -4.055407e-04 -1.461030e-01 1.378632e+00 -1.085794e+00 1.940741e-01
2.348382e-03 -9.692210e-04 -7.959088e-04 3.681897e-02 1.138320e+00 -1.401377e+00 1.940741e-01
1.997344e-03 -7.170805e-05 -6.218696e-04 -1.878079e-02 1.634324e-02 1.136245e-01 1.940741e-01
9.431034e-04 -2.908533e-04 -1.925886e-03 2.775249e-01 1.373410e+00 2.519366e-01 1.940741e-01
1.207426e-03 -3.332521e-04 -1.542413e-03 -3.629642e-01 -1.826969e-01 5.294291e-01 1.940741e-01
2.743693e-04 -1.411611e-04 3.179129e-03 1.129291e-01 5.390306e-01 -2.101738e+00 1.940741e-01
1.244657e-04 -2.220202e-03 1.566474e-03 -6.306822e-01 2.060792e+00 -3.463215e-01 1.940741e-01
-3.145212e-03 -9.476717e-04 8.996889e-04 -1.923530e-01 -2.592635e-01 -1.193280e-02 1.940741e-01
-3.869864e-03 -1.238765e-03 -1.419986e-04 -3.211044e-01 -6.000806e-01 1.782695e+00 1.940741e-01
-1.416711e-04 3.097979e-03 3.438193e-04 3.763830e-01 4.820676e-01 5.133255e-02 1.940741e-01
-4.778149e-04 1.253316e-03 -3.091127e-05 1.389173e-01 3.590840e-01 1.431613e-01 1.940741e-01
