# Number of DM particles: 16. Softening length [pc]: 0.001
-1.946068e-03 8.533833e-05 -2.322710e-03 1.105189e-01 4.680096e-01 6.004197e-01 1.940741e-01
6.069486e-04 2.367737e-03 -2.736211e-03 -9.913201e-02 1.076780e-01 3.446481e-01 1.940741e-01
6.244145e-04 2.484640e-04 -5.677750e-04 -6.718816e-02 -9.311249e-02 -1.610456e-02 1.940741e-01
-7.336685e-04 -4.585639e-04 1.117700e-03 3.353581e-01 1.179291e+00 -1.049352e+00 1.940741e-01
-1.448101e-03 1.102849e-03 -3.531219e-03 2.075600e-01 -1.763346e+00 8.658421e-01 1.940741e-01
-3.375726e-03 5.407665e-04 1.392817e-03 7.698262e-01 -3.221583e-01 -2.946637e-01 1.940741e-01
-1.839085e-03 5.375155e-04 -8.481537e-05 -1.278997e-01 4.644127e-01 1.201128e+00 1.940741e-01
4.416537e-04 1.258331e-03 -4.636169e-04 1.572288e+00 -1.541317e+00 1.147383e+00 1.940741e-01
5.696957e-04 -3.292043e-04 -6.344565e-04 2.792155e-01 6.021669e-02 7.147143e-01 1.940741e-01
6.024154e-05 1.741168e-03 -3.929589e-03 1.587285e+00 -3.276775e-01 -2.495666e-01 1.940741e-01
-2.662649e-03 1.975147e-03 1.155704e-03 3.860833e-01 3.176379e-02 -6.781465e-01 1.940741e-01
7.920869e-04 -6.148814e-04 -1.666379e-03 1.862252e+00 2.570622e-01 9.067746e-01 1.940741e-01
1.553693e-03 1.052804e-05 -1.330115e-03 7.624570e-01 -1.092040e+00 -2.036407e+00 1.940741e-01
-2.041642e-03 -2.380071e-03 -5.787704e-04 -1.464557e+00 -1.601016e+00 6.895003e-01 1.940741e-01
3.761363e-03 -1.042135e-03 9.571720e-04 -7.638130e-01 1.110726e+00 2.059939e-01 1.940741e-01
1.085760e-03 1.919929e-03 -1.340557e-03 2.317752e+00 3.520038e-02 -1.180578e-01 1.940741e-01
