# Number of DM particles: 16. Softening length [pc]: 0.001
2.115574e-03 1.226266e-03 -2.437813e-03 -1.324233e+00 1.812498e+00 -1.043025e-01 1.940741e-01
-1.483357e-03 -1.404859e-03 1.243930e-04 -1.536061e+00 3.824231e-01 -8.166848e-01 1.940741e-01
2.163324e-03 6.787560e-05 -2.207735e-03 2.209334e-02 -4.128628e-02 2.229106e-01 1.940741e-01
-2.872997e-03 1.264398e-03 2.688456e-03 3.797019e-01 -1.184943e-01 -3.239708e-01 1.940741e-01
-4.966482e-04 1.117276e-03 -5.795914e-05 6.966658e-01 -6.517521e-01 -2.045416e-01 1.940741e-01
-4.351020e-04 3.532457e-03 2.389435e-04 -1.689701e-02 -1.134934e-01 1.350464e-01 1.940741e-01
-2.621391e-04 -2.209489e-04 6.205112e-04 -1.464282e+00 1.132375e+00 2.690727e-02 1.940741e-01
2.125778e-03 2.311062e-03 5.701130e-04 5.040846e-03 1.077773e+00 -1.247536e+00 1.940741e-01
2.444468e-03 1.544390e-03 -9.061604e-04 3.374125e-01 -2.757393e-01 9.045600e-01 1.940741e-01
1.762031e-03 -2.541827e-03 -4.071288e-04 -2.103234e-01 4.349501e-01 -4.861571e-01 1.940741e-01
-2.256031e-04 -3.919510e-03 -1.324594e-03 7.314906e-02 7.829207e-02 5.172779e-02 1.940741e-01
1.424218e-04 8.036794e-04 -2.609619e-04 -3.242729e-01 1.753089e+00 -9.251763e-01 1.940741e-01
-6.565307e-04 -7.081483e-05 -4.770174e-04 1.448117e-01 2.125024e-01 -1.603156e-01 1.940741e-01
1.265884e-03 -2.306610e-03 2.277911e-03 -3.711480e-01 -7.203129e-02 -4.933030e-01 1.940741e-01
-1.581002e-03 -2.338614e-03 3.309286e-04 7.806622e-01 -6.018747e-01 -1.209127e-01 1.940741e-01
1.771577e-03 -6.285303e-04 -1.597209e-03 -4.905852e-03 -2.127522e-01 -3.465897e-01 1.940741e-01
