# Number of DM particles: 16. Softening length [pc]: 0.001
9.408914e-04 -2.594224e-03 -2.045617e-03 1.250413e+00 -1.629122e+00 -8.012149e-01 1.940741e-01
-2.441276e-04 -2.326688e-03 2.126012e-04 8.113610e-01 8.869593e-01 2.123152e+00 1.940741e-01
1.929772e-04 7.997590e-04 -8.778517e-05 1.396319e+00 7.542005e-01 1.242901e+00 1.940741e-01
8.230963e-04 -1.333093e-03 1.922067e-03 1.266162e-01 3.551570e-01 4.269089e-01 1.940741e-01
-3.837322e-03 1.862356e-04 3.653030e-04 -2.288016e-01 1.653747e+00 -1.078327e+00 1.940741e-01
2.651104e-03 -2.349044e-03 2.147670e-03 1.363459e+00 -9.272391e-01 -4.404245e-01 1.940741e-01
1.335398e-03 -3.720422e-04 1.195075e-03 -2.711705e-01 1.351009e-02 8.729804e-02 1.940741e-01
-5.883843e-06 2.498423e-03 9.055911e-04 1.360454e+00 -2.050608e+00 -2.341576e-01 1.940741e-01
9.400045e-04 9.766249e-05 6.874979e-04 8.980357e-01 -3.945700e-01 -1.083934e+00 1.940741e-01
5.304917e-04 -2.572115e-04 1.492349e-03 6.134019e-01 1.037461e-01 2.359369e+00 1.940741e-01
-1.971967e-03 2.462403e-03 2.380149e-03 -1.202931e-01 -5.057779e-02 -3.321302e-03 1.940741e-01
1.534489e-03 -2.891569e-03 -2.473930e-03 2.920413e-01 -1.451505e+00 -1.397351e+00 1.940741e-01
-2.321266e-04 1.366982e-03 3.062160e-03 -5.621947e-01 3.815301e-01 -6.120653e-01 1.940741e-01
-1.961874e-03 -8.415257e-04 2.947280e-03 -3.919599e-01 1.650158e-02 -1.454314e+00 1.940741e-01
2.572761e-03 -2.193592e-03 5.187848e-04 -7.745917e-02 7.948384e-03 3.657363e-02 1.940741e-01
-1.739759e-03 1.905980e-03 -8.491167e-04 2.137996e+00 -5.782492e-01 7.939532e-01 1.940741e-01
