# Number of DM particles: 16. Softening length [pc]: 0.001
4.948094e-04 2.099834e-03 -2.265439e-03 1.406354e-01 4.793885e-01 -3.273472e-01 1.940741e-01
1.169084e-03 7.912506e-04 -6.344035e-04 7.910754e-01 -1.297841e+00 9.091325e-02 1.940741e-01
1.265037e-03 -1.676002e-03 -3.189808e-03 -3.424395e-01 -1.372518e+00 -4.794605e-01 1.940741e-01
1.319143e-03 -1.559382e-03 -8.163139e-04 1.113043e+00 1.286244e+00 -9.180453e-01 1.940741e-01
3.163103e-03 -2.390154e-04 1.595199e-05 -1.306150e+00 2.727869e-01 1.334459e+00 1.940741e-01
1.357848e-03 -3.015685e-03 1.240337e-03 -5.297020e-01 -1.535733e+00 3.016869e-01 1.940741e-01
-7.505120e-04 -4.449846e-04 -1.449618e-06 8.381508e-01 -7.237365e-01 -1.907001e+00 1.940741e-01
-1.367268e-03 8.363409e-04 1.176278e-03 -1.722204e-01 -6.396422e-01 2.163443e+00 1.940741e-01
5.434649e-04 -8.180060e-05 6.900952e-04 2.522257e-01 3.001911e-01 6.648193e-01 1.940741e-01
-1.237933e-04 -2.270524e-05 7.801626e-05 -5.010520e-01 1.433722e+00 -1.012861e+00 1.940741e-01
-8.928692e-04 4.484708e-04 -7.679689e-04 -4.274238e-01 1.698463e+00 -7.382568e-01 1.940741e-01
-1.037382e-03 1.814061e-03 2.206368e-04 -7.951028e-02 -3.922827e-01 8.275504e-01 1.940741e-01
-6.090172e-04 -1.627322e-03 -8.038672e-04 -2.548643e-01 2.726061e-01 -1.358955e-01 1.940741e-01
-1.034994e-03 -1.456153e-04 1.219477e-04 -3.735267e-01 1.744302e-01 3.547000e-01 1.940741e-01
-8.586890e-04 3.298628e-03 6.152709e-04 -3.136689e-01 -3.812007e-01 1.334068e+00 1.940741e-01
-1.162823e-03 -5.606035e-04 -5.834223e-04 -1.508583e+00 1.365995e+00 -1.198464e+00 1.940741e-01
