# Number of DM particles: 16. Softening length [pc]: 0.001
1.683126e-04 4.116179e-03 -9.690411e-04 1.132649e-01 9.464583e-02 -1.093648e-01 1.940741e-01
6.399020e-04 3.093740e-03 2.847947e-03 -1.609888e-01 -2.894449e-01 -7.421451e-02 1.940741e-01
5.257912e-04 -9.273250e-04 -2.608441e-03 -8.715981e-04 5.440990e-02 -5.816006e-02 1.940741e-01
-1.645710e-04 -9.639956e-04 -2.296512e-04 1.008847e+00 -7.953045e-01 -5.898692e-01 1.940741e-01
-1.964538e-03 1.296875e-03 -3.086672e-04 7.134337e-02 -8.689414e-02 2.891832e-02 1.940741e-01
-7.163875e-05 -1.177700e-03 1.176257e-03 -3.853051e-02 5.861687e-03 -4.155606e-02 1.940741e-01
1.180839e-04 -1.641459e-04 3.907423e-04 -1.811115e+00 -6.394211e-01 4.892860e-01 1.940741e-01
-2.122005e-03 1.640067e-03 -5.459655e-04 -1.361626e+00 -1.405773e+00 7.829072e-01 1.940741e-01
3.837638e-04 -2.607648e-03 2.803197e-04 -3.815594e-02 -6.058758e-01 9.522366e-01 1.940741e-01
-9.238363e-04 -2.298806e-03 -5.609525e-04 -5.286692e-02 -7.375806e-03 -2.276903e-01 1.940741e-01
3.844068e-04 -3.078639e-03 -1.827966e-03 -6.916939e-03 -2.213372e-02 -9.223215e-03 1.940741e-01
-1.391568e-03 3.718826e-03 1.791833e-04 9.494228e-01 -9.148756e-02 2.874262e-02 1.940741e-01
-3.488478e-04 -1.799326e-03 3.410461e-03 6.741556e-01 -5.528316e-01 -1.994952e-01 1.940741e-01
-1.990826e-03 1.557631e-03 -1.953881e-03 7.971287e-01 -1.668175e-01 -2.139016e+00 1.940741e-01
3.199267e-03 -3.204669e-04 -2.828136e-03 -3.530851e-01 -9.201405e-01 -1.593956e+00 1.940741e-01
-1.403485e-03 -3.261884e-04 1.592231e-03 2.419294e-01 5.531362e-01 2.383339e+00 1.940741e-01
