# Number of DM particles: 16. Softening length [pc]: 0.001
1.508630e-03 -4.260869e-04 1.114971e-03 1.890156e+00 -1.454034e-01 -1.363129e+00 1.940741e-01
3.654789e-03 8.351342e-04 -2.053424e-03 -2.830504e-01 -1.480002e-01 -1.525004e+00 1.940741e-01
1.046812e-03 -1.168802e-03 -1.782368e-03 8.997574e-02 -7.517288e-01 1.328338e+00 1.940741e-01
-8.107449e-04 -4.677852e-04 7.124773e-04 6.906468e-01 -2.394993e-01 6.900813e-01 1.940741e-01
1.162796e-03 -2.770467e-03 6.140220e-04 -1.565986e+00 1.912470e+00 -1.197123e-01 1.940741e-01
2.178322e-04 7.933352e-04 2.452702e-03 1.626189e-02 -2.041265e-01 -4.721411e-01 1.940741e-01
-1.505810e-03 -1.551924e-04 -9.045393e-04 1.018655e+00 9.330075e-01 -1.843637e+00 1.940741e-01
3.032715e-03 -1.219863e-03 5.001698e-04 9.235494e-02 -5.541002e-01 1.992718e-01 1.940741e-01
2.511210e-03 -2.096001e-03 -1.717614e-03 -3.429667e-01 1.879326e-01 2.510937e-01 1.940741e-01
-1.044625e-03 2.564870e-03 -1.668180e-04 -2.491925e-01 1.117132e+00 7.622802e-01 1.940741e-01
2.044637e-03 -2.210638e-03 1.317380e-03 1.891979e+00 -1.229048e+00 -6.498986e-01 1.940741e-01
1.613221e-03 1.181340e-04 -7.224668e-04 1.452589e-01 -1.815688e-01 9.786688e-02 1.940741e-01
1.192494e-04 4.865934e-04 1.475034e-03 -2.207448e-02 -3.122816e-01 1.145736e-01 1.940741e-01
-3.202071e-03 -2.222068e-03 9.368488e-04 1.468520e+00 1.773773e-02 -6.612709e-01 1.940741e-01
-1.295485e-03 9.141017e-04 -9.740970e-04 5.975271e-01 -5.452101e-01 7.154003e-02 1.940741e-01
-1.962562e-03 -3.109267e-03 7.547978e-04 -1.199208e+00 -2.201262e-01 1.369503e+00 1.940741e-01
