# Number of DM particles: 16. Softening length [pc]: 0.001
-3.901624e-04 -9.041788e-05 1.373711e-03 -5.100627e-01 4.650377e-02 9.097971e-01 1.940741e-01
2.441046e-03 -9.888457e-04 -2.830198e-03 -1.258088e-02 -2.238755e-02 -1.312085e-03 1.940741e-01
1.926529e-03 -1.330605e-03 -1.139996e-03 1.351980e+00 9.272480e-01 5.108213e-01 1.940741e-01
-1.226817e-03 1.054122e-04 -1.738357e-03 1.982092e-03 1.839511e-02 1.419781e-03 1.940741e-01
1.783564e-03 6.554750e-04 -2.460667e-03 -9.062559e-01 -5.011893e-01 -6.188178e-02 1.940741e-01
-3.871041e-03 -4.304455e-04 3.920772e-04 2.054420e+00 2.817505e-01 2.109915e-01 1.940741e-01
1.064001e-03 1.387802e-03 7.231771e-04 -2.019075e-02 7.632930e-01 -1.725002e-01 1.940741e-01
-4.259493e-04 3.504737e-04 7.062927e-04 -3.043820e-01 6.460560e-01 -2.024698e-01 1.940741e-01
1.914070e-03 3.530959e-04 -3.032267e-03 6.252081e-01 -1.149941e+00 -2.013960e+00 1.940741e-01
-3.113550e-03 1.098026e-03 2.383833e-03 -1.254591e+00 1.077734e-01 -1.023736e+00 1.940741e-01
1.995253e-05 3.154722e-05 1.167295e-04 3.387312e-01 -2.543612e-01 -1.735515e+00 1.940741e-01
2.540916e-03 -4.994140e-04 1.595936e-03 -4.714315e-01 2.027348e-01 6.824087e-02 1.940741e-01
4.871991e-04 -1.224295e-03 -3.534030e-03 5.860972e-01 -1.264981e+00 2.779011e-01 1.940741e-01
-3.175820e-04 -8.172218e-04 6.064150e-04 -7.092501e-01 -4.474027e-03 -1.247032e+00 1.940741e-01
1.712844e-03 9.662326e-04 1.600403e-03 1.034013e-01 1.673106e-01 -2.135893e-01 1.940741e-01
-3.939971e-03 -7.503779e-04 -1.011616e-03 6.245948e-01 -1.227244e+00 -1.425334e+00 1.940741e-01
