# Number of DM particles: 16. Softening length [pc]: 0.001
-1.513952e-03 3.240372e-03 -2.185820e-03 -1.511142e+00 1.084505e+00 1.524183e+00 1.940741e-01
-4.682838e-04 -9.612297e-04 -3.213772e-03 6.140494e-01 -2.630583e-01 -6.231782e-01 1.940741e-01
3.331148e-05 -1.430158e-03 3.933170e-03 2.152123e-01 -5.794026e-01 2.231261e-01 1.940741e-01
-6.943100e-04 -6.941716e-04 -3.526971e-03 -1.715310e-01 4.487219e-01 -1.351780e-01 1.940741e-01
-1.812627e-03 -1.164142e-03 2.828069e-03 4.722346e-02 5.395580e-02 1.172429e-01 1.940741e-01
2.262563e-04 2.612906e-03 6.794497e-04 -6.031323e-01 -1.167851e+00 1.234239e+00 1.940741e-01
1.140563e-04 3.763521e-04 -4.158872e-04 2.260028e+00 4.760492e-01 8.555846e-01 1.940741e-01
1.235604e-03 -2.290600e-03 1.073434e-03 -1.726867e+00 1.102367e-01 1.151946e+00 1.940741e-01
1.279709e-04 -6.902600e-04 1.968267e-03 2.198134e-01 -1.873359e-01 4.952250e-02 1.940741e-01
1.442325e-03 -1.318816e-05 2.333386e-03 -5.220382e-02 -1.274352e-01 -1.086665e-01 1.940741e-01
-1.038983e-03 -2.459216e-03 -3.869512e-04 1.746665e-01 -1.666694e+00 7.481776e-01 1.940741e-01
1.858242e-04 -2.893498e-03 1.894626e-03 1.151488e+00 2.315553e-02 3.435449e-01 1.940741e-01
-5.518975e-04 -1.888963e-04 9.295060e-04 1.641120e-02 -1.129167e-02 6.944594e-03 1.940741e-01
4.748245e-04 2.442188e-03 -3.221868e-03 1.345583e-01 1.377054e+00 1.109910e-01 1.940741e-01
-1.768091e-04 9.810632e-04 -7.109180e-04 -2.414206e-02 6.371000e-02 -3.669110e-02 1.940741e-01
6.016523e-04 1.070853e-03 -1.583397e-03 -5.886545e-01 1.666318e+00 7.603184e-01 1.940741e-01
