# Number of DM particles: 16. Softening length [pc]: 0.001
1.474250e-04 3.756638e-03 1.928332e-03 2.673470e-01 -1.077887e+00 1.901239e+00 1.940741e-01
1.488756e-03 8.022703e-04 7.363292e-04 5.451485e-01 3.064080e-01 6.039428e-02 1.940741e-01
-1.089520e-03 9.840920e-04 -2.241447e-03 3.464780e-01 4.815760e-01 8.296543e-02 1.940741e-01
1.229524e-03 -7.495913e-04 -4.860316e-05 7.360769e-01 5.476826e-01 -1.830082e+00 1.940741e-01
-7.403187e-04 3.563440e-04 6.733167e-04 -6.731552e-01 -1.637563e-01 1.674571e+00 1.940741e-01
2.115812e-04 3.445391e-03 6.401289e-04 1.248312e-01 6.587103e-01 -2.994787e-01 1.940741e-01
-1.401139e-04 -1.341207e-03 -5.598851e-04 -7.312249e-01 2.268442e+00 4.521096e-01 1.940741e-01
-6.585429e-04 6.377454e-04 1.071636e-03 -3.932474e-02 -1.065765e-01 9.156422e-01 1.940741e-01
5.723435e-04 4.541372e-04 4.220936e-04 9.399408e-01 1.010456e+00 -8.321820e-01 1.940741e-01
-2.785350e-04 -2.059798e-03 4.355268e-04 -6.467280e-02 -7.015947e-01 1.218266e-02 1.940741e-01
2.646335e-03 -1.220897e-03 -2.563140e-03 -5.338830e-01 -2.052845e+00 1.103964e+00 1.940741e-01
-2.430781e-03 -1.392176e-03 7.397525e-05 -1.700667e-02 -1.934969e+00 -8.222188e-02 1.940741e-01
1.689903e-03 3.879303e-04 -1.583003e-03 1.207080e-01 2.643987e-01 1.084763e-01 1.940741e-01
3.535213e-03 8.418107e-04 -6.704707e-04 -2.065625e+00 1.154046e+00 -3.958819e-01 1.940741e-01
2.503979e-03 1.615355e-04 5.036505e-05 5.933335e-01 6.065227e-01 -1.055575e+00 1.940741e-01
-5.693712e-04 -5.423249e-04 2.755314e-03 8.638658e-01 -1.355821e-01 1.678791e+00 1.940741e-01
