# Number of DM particles: 16. Softening length [pc]: 0.001
-7.562957e-05 4.841879e-05 4.082230e-04 7.463669e-01 -7.859926e-01 2.332563e-01 1.940741e-01
2.151893e-03 2.142643e-05 2.901849e-03 6.244902e-01 -1.878208e+00 1.396715e+00 1.940741e-01
3.793911e-03 -3.308289e-05 -1.228701e-03 -1.560317e-01 -7.882640e-01 -7.951427e-01 1.940741e-01
-2.783010e-04 8.821983e-04 1.542646e-03 8.361845e-01 -8.149335e-01 -9.261187e-01 1.940741e-01
1.599449e-04 5.975694e-04 -2.506473e-03 6.750346e-01 -2.273232e-01 -5.788697e-01 1.940741e-01
-8.785297e-05 5.233144e-04 -1.576220e-03 4.448858e-01 -1.088043e-02 1.923797e-01 1.940741e-01
-7.015619e-04 1.619490e-03 -9.804805e-04 8.002718e-02 1.791871e-01 5.066233e-01 1.940741e-01
1.160228e-03 3.134868e-03 8.714890e-04 -3.714255e-02 4.056078e-03 -5.921584e-01 1.940741e-01
1.765216e-03 -6.702479e-04 4.636465e-04 -1.363540e+00 6.166698e-01 -5.497375e-01 1.940741e-01
-9.426527e-04 3.253181e-03 5.355130e-04 -1.097850e+00 -9.017844e-01 4.769599e-01 1.940741e-01
-1.503976e-03 8.626220e-04 -2.818285e-04 6.256236e-01 -1.241332e+00 -1.110348e+00 1.940741e-01
-4.042785e-04 -2.263678e-03 8.983799e-04 4.333204e-01 -5.644025e-01 4.575082e-01 1.940741e-01
-8.192129e-04 -1.252993e-03 1.174586e-03 -2.161514e-01 1.372032e+00 -1.587933e+00 1.940741e-01
-2.668726e-03 2.682576e-03 1.241755e-03 -1.693345e-02 1.350938e-01 5.292548e-02 1.940741e-01
3.566164e-04 -2.619393e-03 2.971559e-03 2.703184e-03 -3.243716e-04 5.714742e-03 1.940741e-01
8.664509e-04 -5.837338e-04 3.614867e-03 -1.077425e+00 -8.057970e-01 1.058452e+00 1.940741e-01
