# Number of DM particles: 16. Softening length [pc]: 0.001
9.949090e-04 1.268169e-03 -1.614816e-04 -1.338726e-01 -2.923441e-01 -5.264920e-01 1.940741e-01
-1.971822e-03 -2.141917e-03 8.613608e-04 -8.196467e-01 5.340657e-01 6.439585e-01 1.940741e-01
-6.063845e-05 -3.654905e-04 4.099100e-03 4.079208e-02 8.653226e-03 9.033991e-02 1.940741e-01
9.750451e-05 8.235563e-04 1.305323e-03 1.174457e+00 4.119056e-01 1.094053e+00 1.940741e-01
3.412912e-04 1.992238e-04 -3.715402e-04 6.920776e-01 -9.949033e-01 1.780851e+00 1.940741e-01
1.992232e-03 -1.031314e-03 2.636826e-03 6.569810e-01 2.221005e+00 3.023070e-01 1.940741e-01
5.491655e-04 -1.180530e-03 4.995056e-04 -2.192779e+00 4.716530e-01 1.698405e-02 1.940741e-01
-1.377632e-03 1.175430e-03 -1.214015e-03 2.039298e+00 -1.581784e-01 -2.720652e-01 1.940741e-01
2.239683e-04 1.927413e-03 1.942921e-03 1.840676e+00 7.188766e-01 1.441647e+00 1.940741e-01
-2.144018e-03 1.305461e-03 1.544256e-04 1.901895e-03 -1.022060e-03 3.029985e-02 1.940741e-01
-1.658093e-03 1.274205e-03 1.982779e-03 4.115765e-01 -8.374709e-01 3.378775e-02 1.940741e-01
-9.184246e-04 2.707868e-04 -2.913896e-04 -8.287232e-02 -4.086233e-01 -4.538028e-01 1.940741e-01
-3.573229e-03 -1.038249e-03 -1.808041e-03 -1.009520e+00 3.275134e-01 1.129837e+00 1.940741e-01
1.593849e-03 8.176139e-04 4.829241e-04 1.042904e-02 -4.294902e-02 1.663525e-02 1.940741e-01
-1.249442e-03 6.010864e-04 2.792490e-04 -4.571344e-01 -3.491298e-01 1.169016e+00 1.940741e-01
-2.464175e-04 -8.235132e-04 1.328555e-03 1.002414e+00 2.151461e+00 6.533843e-01 1.940741e-01
