# Number of DM particles: 16. Softening length [pc]: 0.001
2.212931e-03 -3.534943e-03 -1.070387e-03 -5.486890e-01 2.147812e+00 2.344046e-01 1.940741e-01
-3.283109e-04 3.612628e-03 1.737263e-03 4.473667e-01 -1.001485e-01 1.190593e-02 1.940741e-01
1.045284e-03 4.498819e-05 1.880364e-05 -1.563906e+00 8.922161e-03 -4.818206e-01 1.940741e-01
4.113873e-05 2.723943e-04 5.823387e-04 3.005084e-01 8.084724e-02 -4.717098e-01 1.940741e-01
-1.678522e-03 1.572501e-03 8.479559e-04 -1.441255e+00 -1.169348e+00 9.602927e-01 1.940741e-01
3.842618e-05 -1.066196e-03 1.609717e-03 4.659030e-01 1.432018e+00 -8.509171e-01 1.940741e-01
-1.169477e-03 6.293572e-04 6.119152e-04 9.625367e-02 1.338228e-01 5.378761e-01 1.940741e-01
2.255306e-03 2.691770e-03 1.085035e-03 -1.954687e+00 -6.699683e-02 -8.173005e-02 1.940741e-01
-1.547063e-03 -1.829979e-03 1.477883e-03 -2.420839e-01 1.455885e+00 -2.647056e-01 1.940741e-01
1.892402e-03 1.237229e-04 1.939854e-03 1.217603e+00 -3.720160e-01 -1.675877e+00 1.940741e-01
5.815208e-04 -1.077448e-03 2.356935e-03 3.521047e-02 -1.892271e-02 -8.507892e-01 1.940741e-01
9.333398e-04 7.455055e-04 -1.314778e-03 -1.057464e+00 -1.067776e+00 -8.251510e-02 1.940741e-01
-3.266927e-03 -1.533217e-03 1.468108e-03 4.620114e-01 -3.516783e-01 3.856048e-01 1.940741e-01
-2.631693e-03 2.696389e-03 7.251441e-04 1.386709e+00 -7.100292e-01 -8.719707e-01 1.940741e-01
-2.163142e-03 6.025031e-05 1.350635e-03 4.287711e-01 1.093083e+00 4.904911e-01 1.940741e-01
-1.166592e-03 -2.014486e-04 -3.923315e-04 3.981729e-01 3.318210e-01 2.151884e-01 1.940741e-01
