# Number of DM particles: 16. Softening length [pc]: 0.001
1.348347e-03 -3.481340e-04 7.179915e-04 5.844907e-01 -7.641055e-01 5.323931e-01 1.940741e-01
-3.198925e-03 1.580809e-03 -5.412051e-05 -2.141858e+00 -2.839615e-01 -6.963758e-01 1.940741e-01
-1.906293e-03 -9.940493e-04 -2.896857e-03 3.682723e-01 4.451191e-01 -9.525833e-02 1.940741e-01
-1.633383e-03 -8.948905e-04 2.762630e-04 -9.509111e-01 -5.082201e-01 -8.821257e-01 1.940741e-01
3.475701e-03 2.178518e-03 8.107632e-04 1.158061e+00 -2.070905e-01 -1.926944e+00 1.940741e-01
-4.041101e-04 2.384111e-03 4.007976e-04 1.034883e-01 7.072952e-01 -3.211097e-01 1.940741e-01
-2.673766e-04 -3.043659e-03 1.865166e-04 2.394995e-01 8.991573e-01 8.122993e-01 1.940741e-01
1.874034e-03 1.448734e-03 1.179988e-03 -1.699951e+00 -1.665494e+00 4.161878e-01 1.940741e-01
1.729108e-03 -2.705374e-03 -2.450908e-03 -4.189815e-01 2.301242e-02 -2.239934e+00 1.940741e-01
-4.351025e-04 -7.334986e-04 -2.217084e-03 -1.504698e+00 -1.011477e+00 -1.398486e+00 1.940741e-01
9.925374e-04 -1.522685e-03 -6.651806e-04 1.052241e-01 -3.154137e-01 -9.282451e-02 1.940741e-01
2.870594e-03 8.063118e-04 2.215462e-03 4.969734e-01 1.257964e+00 8.004920e-01 1.940741e-01
2.581305e-04 -1.053278e-03 -3.648383e-04 1.418590e+00 4.703679e-01 3.524556e-01 1.940741e-01
7.687123e-04 -3.569794e-04 2.661768e-03 -1.181982e+00 7.985400e-01 -5.984497e-02 1.940741e-01
1.037756e-04 -4.633556e-04 -1.310685e-03 4.756002e-01 2.812068e-01 -3.289636e-01 1.940741e-01
1.835182e-03 -1.455098e-03 -2.689786e-03 -6.666654e-01 2.879200e-01 3.698554e-01 1.940741e-01
