# Number of DM particles: 16. Softening length [pc]: 0.001
-6.204759e-07 1.989840e-03 -7.946245e-04 -8.286454e-01 -9.207861e-01 4.656608e-01 1.940741e-01
1.121319e-03 5.115078e-04 -7.581344e-04 7.274244e-01 -9.682531e-02 -1.934610e+00 1.940741e-01
2.197171e-03 1.578517e-03 7.141714e-04 -1.142942e+00 -6.474791e-01 -6.615913e-01 1.940741e-01
-4.183059e-04 -1.193688e-03 5.017599e-05 2.050044e-01 1.565393e-01 -1.610271e-01 1.940741e-01
1.255275e-03 1.291155e-04 1.817506e-04 3.972461e-01 1.587727e-01 -6.796234e-02 1.940741e-01
2.112806e-03 1.434334e-03 -1.206666e-03 9.021919e-01 -1.862258e+00 -1.674474e-01 1.940741e-01
9.900439e-05 1.208207e-03 1.812953e-03 -9.552711e-01 7.346682e-01 -1.097415e+00 1.940741e-01
-2.793415e-04 -5.895616e-04 -3.333284e-04 3.096495e-01 -7.943173e-01 -5.314854e-03 1.940741e-01
1.358022e-03 -1.321179e-03 8.168231e-04 1.476826e+00 5.321490e-01 -9.671012e-01 1.940741e-01
-1.402066e-04 1.631003e-04 2.318034e-04 1.532042e-02 1.215381e-03 5.311867e-02 1.940741e-01
-1.881761e-03 -1.330280e-03 -1.253135e-03 -2.153913e+00 -1.242367e-01 -3.726013e-01 1.940741e-01
-1.673385e-03 -1.787066e-03 -1.420500e-03 7.742411e-01 -7.858327e-01 -1.225711e+00 1.940741e-01
8.723162e-04 2.694711e-03 -9.724234e-04 1.607678e-01 1.899729e-01 -1.216403e-01 1.940741e-01
-3.032250e-03 -2.104746e-03 -6.385596e-04 -2.081651e+00 -4.525997e-01 -3.522475e-01 1.940741e-01
1.635088e-03 -1.964497e-03 9.240938e-04 1.938937e+00 1.998351e-01 1.353313e+00 1.940741e-01
1.186438e-03 2.335329e-03 1.560078e-04 1.110823e+00 5.910754e-01 -2.517315e-01 1.940741e-01
