# Number of DM particles: 16. Softening length [pc]: 0.001
1.839761e-03 -2.990993e-03 2.254353e-03 6.947946e-01 2.746278e-01 -5.745611e-01 1.940741e-01
-6.623689e-04 -1.359717e-03 3.958547e-03 -1.555141e+00 5.857172e-01 -4.434257e-01 1.940741e-01
1.253234e-03 -6.346086e-04 -2.654522e-04 -1.329054e+00 4.385453e-02 5.604297e-01 1.940741e-01
3.110226e-03 -1.157132e-04 -1.243527e-03 -9.550200e-02 -3.266800e-02 7.089755e-01 1.940741e-01
-6.417256e-06 -2.324520e-04 3.880330e-05 -1.327893e+00 -1.653972e+00 -9.000646e-01 1.940741e-01
-1.393614e-03 6.890627e-04 3.476343e-04 4.349220e-01 4.864552e-01 6.254277e-01 1.940741e-01
3.739325e-03 2.526582e-05 1.859274e-03 3.466246e-01 1.131161e-01 -9.937445e-01 1.940741e-01
3.000621e-04 3.963556e-04 -4.240132e-04 1.332944e-01 -1.040855e-01 3.634400e-01 1.940741e-01
3.825961e-03 1.795277e-04 8.179867e-04 5.725765e-01 -6.597649e-01 -2.884144e-01 1.940741e-01
-1.068962e-03 -2.425591e-03 -3.006010e-04 4.768918e-01 8.989030e-01 -8.637164e-01 1.940741e-01
-1.109980e-03 -3.463886e-04 -2.232319e-03 -1.550613e-01 -9.534032e-02 1.774460e-02 1.940741e-01
2.610623e-03 7.125083e-04 -1.079025e-04 2.386278e-01 2.353178e+00 -7.349885e-01 1.940741e-01
2.980719e-03 -1.833244e-03 1.086738e-03 -1.059807e+00 -6.326983e-01 6.592974e-02 1.940741e-01
-3.158586e-03 -1.401304e-03 6.339191e-04 1.167427e-01 -3.440580e-01 8.998702e-04 1.940741e-01
3.051852e-04 7.869068e-04 -6.136675e-04 -1.071628e-01 -1.868727e-01 1.669754e+00 1.940741e-01
-6.231231e-04 3.407868e-04 -5.496080e-04 -1.252943e+00 1.719757e-01 -7.657893e-01 1.940741e-01
