# Number of DM particles: 16. Softening length [pc]: 0.001
-2.477664e-03 1.189329e-03 -1.932522e-03 5.304122e-02 -1.611445e+00 -1.562643e+00 1.940741e-01
2.531314e-03 7.059519e-04 -9.096882e-04 2.320414e-01 -2.247306e+00 -6.579127e-01 1.940741e-01
-1.296052e-03 6.060733e-04 -2.442372e-03 -3.100626e-01 -1.165530e-01 -1.396690e+00 1.940741e-01
-9.392334e-05 1.231328e-04 -5.732774e-04 4.348569e-01 -4.450906e-02 -1.391835e+00 1.940741e-01
-1.584492e-03 -3.145747e-03 9.361514e-04 -1.177540e-01 -9.320553e-01 -7.408544e-01 1.940741e-01
-1.519230e-03 3.540782e-03 6.593161e-04 -3.861826e-02 -7.642916e-01 -9.282787e-02 1.940741e-01
-3.102618e-04 1.294919e-03 -5.549294e-05 -2.549891e-03 -4.237468e-02 -3.167015e-02 1.940741e-01
-2.979526e-04 2.171546e-03 2.073497e-03 1.378790e-03 1.904808e-02 4.095422e-03 1.940741e-01
-9.606048e-04 4.517460e-04 2.820432e-03 6.300370e-01 6.586176e-01 8.028344e-01 1.940741e-01
3.254058e-04 1.087758e-04 -2.473889e-03 -2.432897e-01 -9.988739e-02 -1.131264e-01 1.940741e-01
2.619119e-04 -1.931130e-03 -2.682123e-03 -4.320553e-01 -4.168900e-01 2.799576e-01 1.940741e-01
-1.601874e-03 -7.626038e-05 -1.530825e-03 4.229502e-01 2.874962e-01 7.875550e-01 1.940741e-01
-6.053471e-04 -1.428683e-03 1.078432e-03 -2.403527e-01 2.637119e-01 6.809105e-02 1.940741e-01
-2.452111e-03 -1.857204e-03 1.018281e-03 -1.203439e+00 -2.422940e-01 7.773222e-01 1.940741e-01
-2.289047e-04 -2.867205e-05 1.480163e-03 5.984673e-01 -1.566383e-01 3.132654e-01 1.940741e-01
-1.779008e-03 8.043664e-04 -7.899652e-04 1.662248e+00 8.715065e-01 1.000635e-02 1.940741e-01
