# Number of DM particles: 16. Softening length [pc]: 0.001
-1.714207e-03 -5.908708e-04 -3.015545e-03 8.752897e-01 2.335097e-01 -1.213900e+00 1.940741e-01
-4.390773e-04 6.467196e-04 -1.573952e-03 -2.275881e-01 -1.669238e+00 6.366652e-01 1.940741e-01
6.598651e-04 -6.365104e-04 9.954370e-04 8.344818e-01 -3.867062e-01 2.505526e-01 1.940741e-01
4.215657e-04 -2.176653e-03 7.687834e-04 9.779336e-01 1.021289e+00 -3.036805e-01 1.940741e-01
-5.135991e-05 -4.916181e-05 -7.026562e-04 -1.070190e+00 -1.138585e+00 -1.340555e+00 1.940741e-01
1.038943e-03 2.898809e-03 -2.589217e-03 4.102008e-01 1.989793e+00 -7.943876e-01 1.940741e-01
-1.390919e-03 3.066595e-03 1.781803e-03 -2.152647e-01 -1.036659e+00 7.828763e-02 1.940741e-01
1.334840e-03 2.667761e-03 -3.052215e-03 3.814710e-01 9.495634e-01 -1.302925e+00 1.940741e-01
3.696379e-03 7.392747e-04 -9.797239e-04 5.695456e-01 7.553771e-01 -4.951833e-01 1.940741e-01
-1.000164e-03 -6.194534e-04 -2.584155e-04 -2.333333e-01 -2.777265e-01 6.216983e-01 1.940741e-01
-8.824174e-04 -2.481340e-03 -1.734847e-03 -7.971373e-01 -2.201810e+00 -9.077346e-02 1.940741e-01
8.151545e-04 1.974015e-03 -1.077366e-03 -1.775015e-01 7.617026e-01 -6.786085e-01 1.940741e-01
-6.504545e-04 1.942474e-04 -2.729334e-04 1.164155e+00 -1.681022e-01 -2.904968e-01 1.940741e-01
-5.161325e-04 -3.342054e-03 2.583892e-03 -1.178161e+00 -3.491754e-01 1.429610e+00 1.940741e-01
-8.249364e-04 2.847033e-05 9.447488e-04 4.434431e-01 -1.312525e-02 -7.694136e-01 1.940741e-01
2.267512e-04 2.667690e-03 -1.740275e-03 1.197016e+00 1.698007e+00 -1.224312e-01 1.940741e-01
