# Number of DM particles: 16. Softening length [pc]: 0.001
6.613235e-04 -1.449370e-03 3.528076e-03 1.242354e+00 4.702339e-01 9.852726e-01 1.940741e-01
4.172205e-04 -5.553951e-04 -4.961259e-04 -1.974549e-01 6.155360e-01 -2.326064e+00 1.940741e-01
-1.923664e-03 -2.023538e-03 -3.015958e-04 -5.161321e-02 1.013426e+00 -1.033857e+00 1.940741e-01
2.001848e-03 -1.060227e-03 4.320538e-04 -4.430498e-01 -2.155336e-01 -1.460926e+00 1.940741e-01
-1.999702e-03 2.228773e-03 -7.596467e-05 -3.989078e-02 -7.034747e-02 1.207407e-01 1.940741e-01
4.924228e-05 -1.387366e-03 5.015870e-04 -1.817256e-01 -1.945403e+00 9.054926e-01 1.940741e-01
5.518138e-04 -8.735792e-04 2.650602e-03 1.242328e+00 -1.314106e+00 -1.320233e+00 1.940741e-01
1.145153e-03 -2.211031e-03 1.800001e-03 5.682406e-01 8.049648e-01 -2.099901e+00 1.940741e-01
-8.783761e-04 2.959713e-03 -2.038832e-04 -1.632259e-01 5.518423e-01 -1.976822e+00 1.940741e-01
-7.012605e-04 -7.980274e-04 -1.283181e-03 -1.278058e+00 1.384218e+00 4.340690e-01 1.940741e-01
1.397611e-03 -3.317816e-03 -1.128391e-03 5.498000e-01 5.504659e-01 1.730939e+00 1.940741e-01
6.754159e-04 -2.443066e-03 1.548317e-03 9.242091e-01 -9.149921e-01 7.159683e-01 1.940741e-01
4.727077e-04 -7.285016e-04 1.559363e-03 9.142921e-01 -4.646893e-02 -1.363944e-02 1.940741e-01
-2.697428e-03 -7.502678e-04 2.358377e-03 -4.032503e-02 -1.968925e-01 8.049390e-01 1.940741e-01
-3.783651e-03 -1.427128e-04 -3.800695e-04 2.396669e-01 8.892822e-02 3.079075e-02 1.940741e-01
9.792615e-04 2.273347e-03 -1.063793e-04 -1.258228e-01 -6.025394e-03 -1.959911e-02 1.940741e-01
