# Number of DM particles: 16. Softening length [pc]: 0.001
2.146082e-03 1.360196e-03 3.352530e-03 1.528795e-01 -4.848453e-01 -9.708091e-01 1.940741e-01
-2.947487e-03 -1.079708e-04 2.454363e-03 2.739635e-01 1.223411e-02 -2.289176e-01 1.940741e-01
-1.229035e-03 6.972734e-04 1.419798e-03 1.473242e+00 -1.966464e-01 -7.323755e-01 1.940741e-01
3.250222e-05 -1.594568e-04 -1.056139e-03 1.138274e+00 1.179943e+00 7.840033e-01 1.940741e-01
1.033633e-03 -9.512295e-04 -1.188488e-03 2.112173e+00 -6.887979e-02 -8.098361e-01 1.940741e-01
-1.087848e-03 1.548336e-03 -4.492149e-04 -1.266245e+00 1.484586e+00 7.851701e-01 1.940741e-01
-6.074759e-05 1.793980e-03 2.679884e-03 2.655344e-01 -1.027499e-01 -1.740418e-01 1.940741e-01
-2.625189e-03 -2.642040e-04 -2.697660e-03 -3.542715e-01 1.157143e+00 1.713242e+00 1.940741e-01
-2.173684e-04 1.623619e-03 -7.925260e-04 1.224677e+00 1.984408e+00 -3.482985e-02 1.940741e-01
-1.049482e-04 -4.930956e-04 -1.013890e-03 3.739615e-02 -5.531456e-02 -1.300627e-01 1.940741e-01
-3.435103e-04 -5.181000e-04 1.604670e-04 4.413919e-02 4.034177e-02 -1.380120e-02 1.940741e-01
1.704394e-03 2.943469e-03 -9.924651e-04 1.892336e+00 -2.825420e-01 -8.996949e-02 1.940741e-01
-7.877399e-04 -1.251950e-03 2.690872e-04 -6.417428e-01 5.144185e-01 -2.056052e+00 1.940741e-01
-2.178059e-04 3.223017e-04 5.607805e-04 6.487363e-01 -1.927655e-01 -3.924710e-01 1.940741e-01
4.988698e-04 2.135571e-03 1.439351e-03 8.836788e-02 -6.471223e-01 -1.747133e-01 1.940741e-01
1.292090e-04 3.489560e-03 1.683607e-03 1.142599e-01 -1.102208e+00 1.568537e-01 1.940741e-01
