# Number of DM particles: 16. Softening length [pc]: 0.001
-4.484579e-04 -9.362652e-04 1.997713e-03 4.092205e-01 1.057153e+00 4.018370e-01 1.940741e-01
-2.158146e-03 -2.420749e-03 1.909919e-03 -1.296737e+00 -4.836580e-01 3.839119e-01 1.940741e-01
6.782286e-04 2.828234e-03 -8.700482e-04 -5.203250e-01 4.302592e-01 -1.525785e-01 1.940741e-01
1.619694e-03 3.360947e-04 -1.566153e-05 -2.810767e-01 5.990883e-02 4.029055e-01 1.940741e-01
8.776000e-04 1.006825e-03 4.855295e-04 2.993279e-01 5.549373e-01 -6.856958e-02 1.940741e-01
1.596811e-04 -3.594396e-04 -2.654978e-04 4.175685e-02 -2.608558e-02 3.985086e-02 1.940741e-01
1.891736e-03 2.179524e-03 -1.291574e-03 -3.515924e-01 2.199169e+00 3.624314e-02 1.940741e-01
-1.217226e-04 -2.013738e-03 -1.836786e-03 -2.674098e-02 -3.489925e-01 1.090824e-02 1.940741e-01
1.721005e-03 -1.310925e-03 9.380081e-05 -5.088700e-01 -9.117081e-01 -2.217271e-01 1.940741e-01
4.005661e-04 -2.952875e-04 -8.183509e-04 2.279629e-01 2.762740e-01 2.254315e+00 1.940741e-01
-2.203105e-03 2.183743e-03 -1.002740e-03 1.372486e-01 -1.299934e-01 -3.126675e-02 1.940741e-01
-2.026865e-03 -6.845629e-04 -1.941504e-03 -6.077763e-02 -3.149884e-01 2.066995e-03 1.940741e-01
1.607082e-03 -1.867513e-03 -1.179461e-03 -3.997830e-01 -9.490780e-01 -8.080146e-01 1.940741e-01
1.092453e-03 2.193121e-03 1.182023e-03 2.229599e+00 -5.026556e-01 -8.006961e-01 1.940741e-01
3.492529e-05 2.834123e-04 -1.906331e-04 -8.717761e-01 1.061573e+00 -1.885124e-01 1.940741e-01
1.959987e-03 8.609683e-04 1.511373e-03 1.920200e+00 4.579053e-01 -1.710108e-01 1.940741e-01
