# Number of DM particles: 16. Softening length [pc]: 0.001
8.150362e-05 -1.828477e-04 4.193653e-04 1.298467e+00 1.592251e-02 -1.118151e-01 1.940741e-01
-4.809715e-04 2.475313e-04 3.970485e-04 -3.392388e-02 -2.035056e-02 -3.521105e-01 1.940741e-01
-9.834030e-05 1.298611e-04 1.549889e-03 -8.294109e-01 -5.826730e-01 -1.395776e+00 1.940741e-01
-2.428457e-03 1.921363e-04 2.711223e-03 -3.072161e-01 -1.728671e+00 3.071447e-01 1.940741e-01
4.392053e-04 -2.370983e-04 1.257705e-03 -2.328841e-01 -1.440967e-01 5.543147e-01 1.940741e-01
1.559431e-03 1.915831e-03 -4.486653e-04 2.494393e-01 -4.377910e-01 -2.369953e-01 1.940741e-01
1.947258e-04 -3.506159e-04 2.710925e-03 -1.111131e-01 -1.147097e-01 -3.582365e-01 1.940741e-01
1.741215e-03 1.661671e-03 1.266123e-03 -9.724209e-01 -7.930292e-01 1.665756e+00 1.940741e-01
2.826970e-03 1.021666e-05 -3.884674e-05 -7.303238e-01 -1.760365e+00 1.786521e-01 1.940741e-01
-1.171597e-03 1.941704e-03 8.959645e-04 -7.342262e-01 1.017127e-01 9.988417e-01 1.940741e-01
1.351538e-03 -2.880006e-03 9.750310e-05 1.105937e+00 -1.389722e+00 -5.164878e-01 1.940741e-01
1.277320e-03 2.889284e-03 -1.607892e-03 5.185769e-03 3.126344e-02 2.903187e-03 1.940741e-01
1.273066e-03 2.230624e-03 3.458416e-03 2.295684e-01 -6.410438e-01 3.616312e-01 1.940741e-01
2.591584e-03 2.345560e-03 -6.144584e-04 -1.551709e-01 6.058733e-01 -5.694511e-02 1.940741e-01
-1.245016e-03 1.429137e-03 -6.854232e-04 -1.099520e+00 -1.301360e+00 -9.580755e-01 1.940741e-01
-2.528621e-03 3.755327e-04 -2.143820e-03 -3.373981e-02 9.443136e-01 -2.653909e-01 1.940741e-01
