# Number of DM particles: 16. Softening length [pc]: 0.001
9.818387e-04 -1.249924e-03 -3.269547e-03 -8.798370e-01 5.159422e-01 -2.092256e+00 1.940741e-01
8.306635e-04 1.699889e-03 4.940877e-04 -1.856309e+00 -4.908956e-01 5.055414e-01 1.940741e-01
2.050260e-03 -2.842169e-03 5.736947e-05 -7.691359e-01 -4.327006e-01 -1.667877e+00 1.940741e-01
4.983873e-04 6.152876e-05 -1.735961e-03 8.574467e-01 -1.401229e+00 -6.460812e-01 1.940741e-01
1.079220e-03 -1.289506e-03 3.459573e-03 5.091396e-01 1.908412e-01 9.696240e-01 1.940741e-01
1.307179e-03 3.060644e-03 3.261386e-05 -1.316636e+00 8.457228e-01 1.632683e+00 1.940741e-01
-6.723052e-04 -2.858860e-03 -2.585980e-03 -1.544429e-01 -2.000654e+00 6.530295e-01 1.940741e-01
5.668443e-04 7.556610e-04 2.314387e-03 -2.121712e-01 6.136920e-01 7.504349e-01 1.940741e-01
5.594255e-04 4.240206e-05 -5.081962e-04 1.560184e+00 -4.459611e-01 -3.383282e-01 1.940741e-01
3.029860e-03 -2.062224e-03 7.140302e-04 1.185904e-01 -8.171320e-01 -3.404920e-01 1.940741e-01
1.186800e-03 2.420580e-03 2.703658e-03 9.081450e-01 1.682998e+00 -3.212803e-01 1.940741e-01
1.954221e-04 2.925418e-04 2.132969e-03 -1.272610e+00 -6.308450e-01 -4.707652e-03 1.940741e-01
2.568800e-03 -2.704098e-03 1.560377e-03 -2.996329e-01 1.492449e-01 3.618319e-01 1.940741e-01
4.039625e-03 -1.448423e-03 1.720990e-04 -5.015193e-01 7.481960e-01 -1.463266e+00 1.940741e-01
2.396927e-03 2.519670e-03 2.374298e-03 1.235308e+00 -2.632289e-01 1.049730e+00 1.940741e-01
-3.644591e-03 7.747361e-04 3.790085e-04 -6.557580e-01 2.001988e-02 7.936661e-02 1.940741e-01
