# Number of DM particles: 16. Softening length [pc]: 0.001
-1.276098e-03 1.691587e-03 -4.425747e-04 -1.140320e+00 1.343712e+00 1.748747e+00 1.940741e-01
3.273784e-03 1.724482e-03 1.202062e-03 -7.591292e-01 9.491292e-02 -2.206206e-01 1.940741e-01
4.695484e-04 -3.025282e-04 9.140066e-05 5.022861e-01 8.111280e-01 -5.732938e-01 1.940741e-01
1.164062e-03 2.661990e-04 -1.310655e-03 1.000388e+00 9.135410e-01 -8.638949e-01 1.940741e-01
-1.593562e-03 -3.446029e-03 1.643498e-03 1.926843e-01 1.493930e-02 5.642212e-01 1.940741e-01
1.202406e-03 -1.074033e-03 -4.439184e-04 -1.391153e+00 2.649620e-01 -3.372374e-01 1.940741e-01
1.021716e-03 -1.195480e-03 -1.653012e-03 3.525792e-01 1.902225e-01 -4.075739e-01 1.940741e-01
-3.314698e-03 3.148871e-04 4.598983e-04 3.069135e-02 -2.898853e-01 -1.576171e+00 1.940741e-01
-6.898107e-04 6.160063e-05 -2.627831e-04 1.568371e+00 2.751081e-01 1.276943e+00 1.940741e-01
8.319557e-04 -2.198590e-03 3.221736e-03 -1.963871e-01 -1.306534e+00 1.546313e-01 1.940741e-01
-6.837369e-04 -2.746419e-03 1.851439e-03 2.644127e-01 -1.041535e+00 -1.549767e+00 1.940741e-01
-1.753905e-03 -2.265333e-03 3.952745e-04 -2.652750e-01 3.604146e-01 3.614002e-01 1.940741e-01
1.406396e-03 -3.195980e-05 -2.360132e-04 -1.951513e+00 4.603129e-01 3.564809e-01 1.940741e-01
3.710087e-04 -9.566572e-04 -9.677511e-04 -1.266172e+00 -8.912643e-01 4.448190e-01 1.940741e-01
2.118712e-04 -1.039424e-03 9.017646e-05 -4.538146e-01 -1.101889e+00 1.679676e+00 1.940741e-01
-6.599133e-04 1.057886e-03 -3.180395e-03 -1.220540e+00 1.222412e+00 1.021336e-01 1.940741e-01
