# Number of DM particles: 16. Softening length [pc]: 0.001
4.693699e-04 1.103860e-03 -5.931697e-04 -1.222848e+00 1.201528e+00 4.361008e-01 1.940741e-01
-7.463404e-06 -2.255197e-03 1.926670e-03 7.141012e-01 -2.250451e+00 6.457954e-02 1.940741e-01
-2.251344e-04 1.318590e-04 -1.989470e-03 -8.406011e-01 7.704384e-01 1.005634e+00 1.940741e-01
-3.178184e-03 -2.387873e-03 1.304219e-03 -3.114437e-01 3.349930e-01 -4.830161e-01 1.940741e-01
1.383793e-04 -6.014738e-04 5.547029e-04 1.385706e+00 -8.030804e-01 1.869150e+00 1.940741e-01
2.121779e-04 -2.090116e-04 -3.015333e-03 -7.914515e-02 1.891739e-01 4.725745e-01 1.940741e-01
-3.100314e-03 -1.611623e-03 -1.577142e-03 -2.638053e-02 4.139527e-02 -1.172271e-01 1.940741e-01
-3.194416e-04 -3.394331e-04 -1.815819e-04 -6.666905e-01 1.278602e+00 -4.790500e-01 1.940741e-01
3.736593e-03 1.994203e-03 1.794611e-04 -2.948944e-02 9.188894e-01 -6.382896e-01 1.940741e-01
-4.386183e-04 1.864360e-04 -2.417571e-03 -1.201920e+00 2.306791e-01 -4.709342e-01 1.940741e-01
-8.319113e-04 2.346411e-03 4.043375e-05 -7.398960e-01 1.151631e+00 -1.701538e+00 1.940741e-01
2.144977e-06 -4.063665e-03 1.191981e-03 4.415102e-02 -9.135662e-02 -7.345795e-02 1.940741e-01
-1.744069e-03 -1.026806e-03 1.097209e-03 5.260035e-01 -6.186861e-01 4.744164e-01 1.940741e-01
-1.125554e-03 4.428243e-04 7.123464e-04 2.700567e-01 3.560748e-01 3.092371e-01 1.940741e-01
-1.000387e-03 -1.202657e-03 1.738152e-04 1.466106e+00 2.234171e-01 3.214489e-01 1.940741e-01
-2.804689e-03 -2.387402e-03 6.460102e-04 1.128146e-01 -1.587699e-01 4.290256e-01 1.940741e-01
