# Number of DM particles: 16. Softening length [pc]: 0.001
3.989264e-04 -7.206293e-04 1.144381e-03 -6.148655e-01 -1.504245e-01 -2.079287e+00 1.940741e-01
-1.224500e-04 3.613180e-03 1.651828e-03 -1.776517e-01 1.080957e+00 1.027559e+00 1.940741e-01
2.244367e-03 -1.879959e-03 1.803791e-03 -1.420028e-01 1.070503e-01 -1.774757e-02 1.940741e-01
-1.924217e-03 -9.795424e-04 5.035983e-04 -4.039120e-01 2.724295e-01 -3.780507e-01 1.940741e-01
2.343126e-03 1.825954e-03 1.104018e-04 9.056533e-02 4.638648e-01 -8.659672e-02 1.940741e-01
-4.768328e-04 6.823475e-04 5.807544e-04 -7.142470e-01 -1.083376e+00 1.717754e+00 1.940741e-01
1.287054e-03 -1.213539e-03 6.141352e-04 -4.011025e-01 -2.190792e+00 -8.965418e-01 1.940741e-01
-1.409925e-03 3.366399e-04 1.127698e-03 -1.051124e+00 -5.864611e-01 8.979279e-02 1.940741e-01
-9.558078e-04 2.480213e-04 7.178789e-04 4.222042e-01 -8.236670e-01 -1.154488e+00 1.940741e-01
-1.775426e-03 -1.490694e-03 -1.638970e-03 -4.394528e-01 -1.505389e+00 1.179237e+00 1.940741e-01
4.222846e-04 -5.763995e-05 3.672794e-03 1.157717e+00 -1.090165e+00 -8.436197e-02 1.940741e-01
1.152087e-03 7.279273e-04 6.925590e-05 -1.949758e-01 -7.682664e-01 -4.196758e-02 1.940741e-01
-2.043829e-03 -1.313887e-03 3.144722e-03 -3.800176e-01 -3.585081e-01 -3.541758e-01 1.940741e-01
-3.177651e-03 -7.735514e-05 -4.752727e-04 2.338880e+00 -4.850489e-01 -2.944248e-01 1.940741e-01
1.620668e-03 1.739610e-03 2.555503e-03 -2.507379e-01 9.640892e-01 7.732876e-01 1.940741e-01
-5.980274e-04 7.312601e-04 4.927053e-04 -7.820198e-01 -1.808569e+00 -7.125985e-01 1.940741e-01
