# Number of DM particles: 16. Softening length [pc]: 0.001
-2.766594e-04 -7.526574e-04 5.933089e-04 -1.850814e-01 1.095704e+00 -2.561996e-01 1.940741e-01
-1.873498e-03 -6.876249e-04 -5.385517e-04 -2.868033e-01 -9.830023e-01 8.172860e-01 1.940741e-01
3.063211e-04 -2.582309e-04 -1.931738e-04 -5.064307e-02 9.899266e-01 1.751663e-01 1.940741e-01
-4.241464e-04 -2.115306e-03 1.367972e-03 2.087765e-01 -3.248234e-01 -1.015470e+00 1.940741e-01
-1.420655e-03 -2.905479e-03 1.256331e-04 2.494337e-01 9.088615e-01 -6.354105e-02 1.940741e-01
-1.696854e-03 -3.670984e-04 -3.459158e-04 4.948030e-01 1.724374e+00 -3.131501e-01 1.940741e-01
1.009256e-03 -3.227074e-04 -3.727217e-03 9.266872e-01 -2.346624e-01 1.523650e+00 1.940741e-01
-3.409233e-03 -2.231484e-03 2.889525e-04 2.954981e-02 -7.133434e-01 -1.247835e+00 1.940741e-01
7.207510e-04 -1.694637e-03 -7.850251e-05 3.293000e-01 3.340407e-02 -1.766244e-01 1.940741e-01
-3.241863e-04 -1.008626e-03 7.559310e-04 1.022898e+00 9.748334e-01 -2.050750e-01 1.940741e-01
6.243681e-04 -1.453689e-03 -3.285620e-03 1.452051e-01 -8.337221e-02 -1.266856e+00 1.940741e-01
-1.030091e-03 7.073474e-04 -1.435406e-03 9.032538e-01 7.496071e-02 -6.120812e-01 1.940741e-01
-1.193776e-04 -1.283502e-03 7.262183e-04 1.471583e-01 -1.245705e-01 4.274840e-02 1.940741e-01
-9.906006e-05 1.799837e-04 -7.716834e-05 1.011064e-02 -1.576984e-01 -7.518757e-01 1.940741e-01
8.114954e-04 -2.755764e-03 -2.680692e-03 -1.454231e+00 -1.677174e+00 6.316080e-02 1.940741e-01
1.951700e-03 3.223368e-04 -1.781733e-03 1.429471e+00 -1.113112e+00 -1.241386e+00 1.940741e-01
