# Number of DM particles: 16. Softening length [pc]: 0.001
-1.179854e-03 -2.553519e-03 -2.653881e-03 -1.519416e+00 -1.221440e-01 1.133857e+00 1.940741e-01
-1.447920e-03 -1.132803e-03 -1.303564e-03 -7.474300e-02 1.079169e+00 4.657413e-01 1.940741e-01
-7.245769e-04 3.906785e-04 -1.682879e-03 -4.232123e-01 -6.037537e-01 2.796988e-02 1.940741e-01
-1.145468e-03 -1.237731e-03 -8.159119e-04 1.777816e+00 -1.275734e+00 6.318178e-01 1.940741e-01
1.857376e-03 -1.527681e-03 -1.248148e-04 -1.758615e-02 8.205068e-02 9.076904e-02 1.940741e-01
-1.790086e-03 3.874622e-04 9.977357e-04 -1.104390e-01 -1.245923e+00 4.099688e-01 1.940741e-01
-2.200979e-03 2.303681e-03 -1.448099e-03 -1.220875e-01 9.056747e-01 1.337269e+00 1.940741e-01
1.803651e-03 -1.228639e-03 1.870564e-03 1.509640e-01 3.345939e-02 8.319443e-01 1.940741e-01
2.321256e-03 -4.564401e-04 7.507532e-04 -7.739558e-01 -1.879009e+00 -2.194694e-03 1.940741e-01
-1.798077e-03 -3.159639e-03 -1.587691e-03 9.633447e-02 7.940827e-01 1.546969e+00 1.940741e-01
7.689462e-04 -4.760719e-04 1.777839e-03 7.748701e-02 -4.910556e-02 1.672528e+00 1.940741e-01
2.058864e-04 2.936524e-03 1.924113e-03 1.288248e+00 1.379981e+00 1.065024e+00 1.940741e-01
-1.963873e-03 -7.179440e-04 1.374089e-04 -8.516543e-01 6.647874e-01 6.693742e-01 1.940741e-01
-2.874745e-03 -1.125506e-03 -1.034330e-03 -8.932185e-01 8.026989e-01 -1.585822e-01 1.940741e-01
-6.887697e-04 3.895578e-04 2.977330e-03 6.512037e-02 1.806846e+00 2.515124e-02 1.940741e-01
1.821286e-04 -6.294108e-04 -4.982503e-04 5.066464e-01 -2.581667e-01 -9.768025e-01 1.940741e-01
