# Number of DM particles: 16. Softening length [pc]: 0.001
-8.156539e-04 -2.134112e-03 -5.707292e-04 -5.544211e-01 -2.127007e-01 9.392059e-02 1.940741e-01
-5.567404e-04 2.234541e-04 1.553912e-03 1.244771e-02 -4.322561e-01 3.045360e-01 1.940741e-01
-7.548034e-04 -2.473522e-03 1.586929e-03 -5.636477e-01 1.044394e+00 -2.131346e+00 1.940741e-01
-2.989118e-04 -3.695612e-03 -1.058675e-03 -1.003215e+00 5.142654e-01 -1.375172e+00 1.940741e-01
2.029521e-03 -1.472407e-03 -1.493453e-04 -1.155723e+00 7.536338e-01 8.881522e-01 1.940741e-01
3.427402e-03 2.244563e-03 3.251954e-04 1.331727e-02 3.147683e-01 -8.431785e-01 1.940741e-01
-7.819945e-04 -3.400260e-03 1.789559e-03 2.924427e-01 5.540079e-01 -3.926602e-02 1.940741e-01
-4.282108e-05 2.772621e-03 -4.386841e-04 -1.520219e+00 1.531420e+00 -1.138011e-01 1.940741e-01
3.886166e-04 -1.370991e-03 2.479526e-03 1.253071e+00 -1.475293e+00 -8.137069e-01 1.940741e-01
2.578910e-03 5.226144e-04 1.405150e-04 -8.327785e-02 1.211185e-01 4.133209e-02 1.940741e-01
-7.554944e-05 2.639022e-03 1.350792e-03 3.095738e-01 -1.305464e+00 -1.453003e+00 1.940741e-01
2.335432e-03 -2.354931e-03 -1.882381e-04 -6.610839e-01 5.614703e-01 -5.357529e-01 1.940741e-01
1.414539e-04 -1.214572e-04 1.825580e-04 7.853915e-03 2.553870e-02 7.745667e-03 1.940741e-01
-5.356958e-04 -9.107929e-04 5.278073e-04 3.161223e-02 6.773060e-01 1.772719e-02 1.940741e-01
1.891804e-03 -3.621780e-03 1.331362e-03 4.597070e-01 4.233840e-01 8.379169e-02 1.940741e-01
-5.809614e-04 3.176831e-03 -8.732014e-04 -1.119338e+00 1.237662e+00 6.035613e-01 1.940741e-01
